# timestamp tx ty tz qx qy qz qw
1770106621931724854 -0.010397 0.001106 -0.020987 -0.001388 0.000211 0.000422 0.999999
1770106622319435059 0.006825 0.001890 0.013464 -0.001837 -0.002299 -0.001443 0.999995
1770106622708593750 0.001983 0.001772 0.003532 -0.001327 -0.001601 -0.002276 0.999995
1770106623036837646 0.005279 0.000797 0.002485 -0.000115 -0.000749 0.000001 1.000000
1770106623438476807 0.010389 -0.009246 -0.004429 -0.001645 -0.001729 -0.000315 0.999997
1770106623774704102 0.007331 -0.003437 -0.000283 -0.000746 -0.001247 -0.000107 0.999999
1770106624117654053 0.011891 -0.003545 0.001992 -0.000827 -0.002012 -0.000006 0.999998
1770106624534420898 0.018674 -0.008821 -0.005917 -0.001590 -0.003141 -0.000160 0.999994
1770106624884331299 0.017618 -0.007899 -0.004487 -0.001448 -0.002975 -0.000171 0.999995
1770106625239562500 0.013618 -0.006046 -0.005499 -0.001125 -0.002198 -0.000407 0.999997
1770106625670155029 0.020444 -0.007474 -0.002486 -0.001396 -0.003350 0.000179 0.999993
1770106626033373291 0.015995 -0.004680 -0.003480 -0.000919 -0.002713 -0.000149 0.999996
1770106626476296143 0.049158 -0.025001 -0.071144 -0.003107 -0.025127 0.004415 0.999670
1770106626850135742 0.056198 -0.025143 -0.024065 -0.004281 -0.034499 -0.006902 0.999372
1770106627227891846 0.099546 -0.028335 0.006215 -0.002976 0.044054 -0.008560 0.998988
1770106627687965820 0.091025 -0.020854 0.081229 -0.000215 0.093409 -0.011192 0.995565
1770106628077256836 0.085171 -0.032977 0.093304 -0.000870 0.116854 -0.007512 0.993120
1770106628541556152 0.083737 -0.024273 0.126917 0.000936 0.128669 -0.007577 0.991658
1770106628934755371 0.084653 -0.037733 0.167928 0.000598 0.142029 -0.005604 0.989846
1770106629332876709 0.082115 -0.036142 0.184301 0.001473 0.148984 -0.004124 0.988830
1770106629817512695 0.078404 -0.033609 0.219001 0.001846 0.156723 -0.004468 0.987631
1770106630229425049 0.087239 -0.039338 0.256146 0.001689 0.159995 -0.002974 0.987112
1770106630677478027 0.080938 -0.040786 0.318903 0.001289 0.165872 -0.004682 0.986135
1770106631096310791 0.166430 -0.046261 0.397220 0.000175 0.149327 0.000391 0.988788
1770106631445409912 0.213548 -0.038593 0.439424 0.001172 0.123765 0.001445 0.992310
1770106631863512451 0.233347 -0.028797 0.511837 0.001209 0.100762 0.003056 0.994905
1770106632211776611 0.315993 -0.013465 0.599844 0.000739 0.066951 0.009634 0.997709
1770106632560054443 0.279204 0.003420 0.700729 0.001208 0.051562 0.005366 0.998655
1770106632978542969 0.364729 -0.014110 0.744205 -0.002182 0.026462 0.007539 0.999619
1770106633327467285 0.317625 -0.019941 0.812296 -0.002776 0.037307 0.001825 0.999298
1770106633745931396 0.276981 0.006351 0.817046 0.000388 0.050674 0.003585 0.998709
1770106634094117432 0.369150 0.007625 0.850672 0.001136 0.045015 0.005609 0.998970
1770106634442310303 0.322197 -0.006545 0.840980 -0.001089 0.063548 0.004799 0.997967
1770106634860112061 0.357077 -0.005237 0.880091 -0.000806 0.069213 0.005899 0.997584
1770106635208267578 0.431808 -0.015346 0.956644 -0.003449 0.062862 0.011216 0.997953
1770106635626058594 0.365524 -0.000953 1.011051 -0.000888 0.090577 0.008086 0.995856
1770106636043819580 0.374183 -0.006156 0.975412 -0.001070 0.100902 0.008816 0.994857
1770106636391951416 0.394425 0.003269 1.021874 -0.000234 0.109961 0.009776 0.993888
1770106636809705811 0.389190 0.005500 1.051708 0.000411 0.121246 0.008848 0.992583
1770106637157830322 0.374783 0.004807 1.085382 0.001659 0.128831 0.006716 0.991642
1770106637575576416 0.381423 -0.004832 1.118152 0.000910 0.132236 0.008075 0.991185
1770106637923889893 0.350115 0.007640 1.136663 0.004292 0.137663 -0.002985 0.990465
1770106638272683105 0.370973 -0.008440 1.155482 0.002728 0.137509 -0.002469 0.990494
1770106638691284180 0.310967 -0.002677 1.065325 0.005353 0.167538 -0.009297 0.985807
1770106639039684326 0.303937 -0.015420 1.116667 0.003114 0.210451 -0.009140 0.977557
1770106639387767822 0.323168 -0.031662 1.121798 0.000634 0.255617 -0.010953 0.966716
1770106639805456055 0.325423 -0.041340 1.175888 0.001339 0.264466 -0.004186 0.964385
1770106640223048584 0.367897 -0.046957 1.214073 0.001527 0.230760 0.001544 0.973008
1770106640640617432 0.404606 -0.051789 1.255204 -0.000753 0.192626 0.006433 0.981251
1770106640988585449 0.477816 -0.049892 1.376858 -0.000578 0.147536 0.006065 0.989038
1770106641336552979 0.510720 -0.034826 1.432003 -0.000484 0.095597 0.009711 0.995373
1770106641754091064 0.530055 -0.033892 1.496770 -0.001800 0.041775 0.014018 0.999027
1770106642102310791 0.550659 -0.055211 1.527348 -0.006871 -0.021240 0.011096 0.999689
1770106642520827881 0.560944 -0.047514 1.499820 -0.006999 -0.070462 0.014304 0.997387
1770106642869625977 0.548635 -0.059408 1.576005 -0.008973 -0.136317 0.015446 0.990504
1770106643217938965 0.543959 -0.060522 1.634642 -0.011239 -0.189248 0.017925 0.981701
1770106643635487549 0.568094 -0.070464 1.755720 -0.016389 -0.271373 0.020784 0.962110
1770106643983422852 0.495326 -0.034471 1.860552 -0.008496 -0.333026 0.012789 0.942793
1770106644331242188 0.383756 -0.021112 1.998481 -0.011643 -0.395764 0.012698 0.918191
1770106644748560303 0.301723 0.022012 2.129485 -0.007507 -0.444209 0.013726 0.895787
1770106646239183350 0.149630 0.057176 2.260402 -0.004763 -0.500080 0.010963 0.865897
1770106646384217773 0.036002 0.076180 2.363448 -0.006003 -0.542837 0.012895 0.839718
1770106645305263184 -0.153068 0.101440 2.527854 -0.007505 -0.598035 0.016130 0.801273
1770106646620632324 -0.319199 0.118050 2.631240 -0.008755 -0.643693 0.017535 0.765033
1770106646759295654 -0.543631 0.107415 2.688697 -0.006123 -0.688975 0.012924 0.724644
1770106645862533447 -0.564189 0.115768 2.735975 0.003696 0.722888 -0.012034 -0.690850
1770106646071508301 -0.520921 0.135421 2.712405 0.009732 0.754839 -0.020816 -0.655507
1770106647246510498 -0.545354 0.131343 2.688098 0.009669 0.776853 -0.020408 -0.629277
1770106647483260498 -0.601004 0.118571 2.678192 0.013163 0.804092 -0.020552 -0.594003
1770106647794321045 -0.679292 0.126062 2.677605 0.013534 0.822323 -0.022405 -0.568418
1770106648053689941 -0.794015 0.112983 2.671193 0.015098 0.830558 -0.020907 -0.556335
1770106648366405273 -0.760895 0.114472 2.628306 0.011555 0.815530 -0.018918 -0.578291
1770106648635199463 -0.807593 0.125717 2.611203 0.012262 0.802127 -0.019643 -0.596705
1770106648899752441 -0.873638 0.124215 2.616307 0.011066 0.789311 -0.016260 -0.613678
1770106649227919922 -0.925613 0.132223 2.603873 0.010311 0.776129 -0.018356 -0.630222
1770106649508743896 -1.047586 0.137554 2.619722 0.008839 0.763899 -0.022824 -0.644872
1770106649786352783 -1.113473 0.127937 2.595290 0.004789 0.751515 -0.018129 -0.659449
1770106650133210449 -1.203398 0.121667 2.551481 0.004255 0.730523 -0.017028 -0.682662
1770106650422458496 -1.318714 0.117339 2.534197 0.006021 0.718492 -0.019177 -0.695244
1770106650770899170 -1.321777 0.117211 2.533683 0.005046 0.710706 -0.017767 -0.703247
1770106651072473145 -1.401668 0.112176 2.524505 -0.007079 -0.704480 0.020012 0.709406
1770106651372474365 -1.443145 0.113899 2.515419 -0.006648 -0.702515 0.018991 0.711384
1770106651738692139 -1.459852 0.113591 2.528403 0.006633 0.707394 -0.019060 -0.706531
1770106652049696045 -1.505283 0.114038 2.536710 0.008152 0.716096 -0.020797 -0.697644
1770106652421885010 -1.793625 0.109345 2.525236 -0.002432 -0.702369 0.015064 0.711649
1770106652743401367 -1.631949 0.111965 2.583643 0.006155 0.727813 -0.017484 -0.685525
1770106653066899170 -1.836019 0.113208 2.514365 -0.001676 -0.686692 0.014383 0.726804
1770106653458204102 -1.845380 0.096366 2.499084 -0.001597 -0.675330 0.013484 0.737391
1770106653792446533 -1.473132 0.120387 2.580534 0.005903 0.735801 -0.020071 -0.676874
1770106654127915527 -1.875275 0.084960 2.489023 -0.001274 -0.658625 0.009864 0.752406
1770106654535892822 -1.881344 0.086982 2.474766 -0.000418 -0.648813 0.010091 0.760881
1770106654881127197 -1.420917 0.107338 2.752348 0.002556 0.724812 -0.013632 -0.688807
1770106655298250977 -1.892526 0.080000 2.448978 0.002185 -0.627132 0.003694 0.778901
1770106655652095459 -1.910975 0.070686 2.448889 0.000331 -0.618680 0.004022 0.785633
1770106656009473145 -1.927970 0.067711 2.458631 0.000193 -0.611381 0.003409 0.791329
1770106656438007080 -1.918553 0.067986 2.428585 0.000218 -0.593176 0.005076 0.805057
1770106656799490723 -1.961168 0.067898 2.432037 0.000959 -0.571667 0.005304 0.820468
1770106657245000732 -1.990053 0.069178 2.439414 0.002479 -0.555355 0.004048 0.831600
1770106657621101807 -2.058325 0.059862 2.479902 -0.000235 -0.546424 0.006559 0.837483
1770106658002634521 -2.104151 0.065383 2.501908 0.000537 -0.542874 0.006344 0.839790
1770106658467503418 -2.167521 0.061941 2.513906 -0.002123 -0.539175 0.007984 0.842153
1770106658856778564 -2.177460 0.061417 2.535086 -0.003378 -0.546595 0.010188 0.837328
1770106659328631348 -2.237601 0.060762 2.569466 -0.003926 -0.567260 0.010438 0.823463
1770106659728587646 -2.327211 0.062338 2.619133 -0.007281 -0.584859 0.009753 0.811044
1770106660128119629 -2.431082 0.082291 2.689746 -0.006611 -0.609751 0.010518 0.792496
1770106660616085449 -2.532058 0.095560 2.733671 -0.007338 -0.628252 0.013510 0.777858
1770106661022728271 -2.620669 0.103292 2.789167 -0.007870 -0.652439 0.014784 0.757656
1770106661371746582 -2.727085 0.127949 2.835058 -0.005747 -0.671064 0.017868 0.741162
1770106661791020508 -2.907964 0.150851 2.894790 -0.002675 -0.692391 0.019357 0.721258
1770106662140420166 -2.992965 0.132059 2.933960 0.003941 0.711300 -0.018580 -0.702632
1770106662559066895 -2.976907 0.142410 2.926589 0.002668 0.728942 -0.019530 -0.684291
1770106662907989258 -2.978425 0.146402 2.962055 0.005078 0.747669 -0.020990 -0.663720
1770106663256973877 -2.972861 0.138218 2.984670 0.004005 0.763181 -0.017639 -0.645932
1770106663675854736 -2.982326 0.138393 3.006624 0.006895 0.777758 -0.019665 -0.628219
1770106664024983398 -3.003712 0.136443 3.030504 0.007567 0.798128 -0.016735 -0.602208
1770106664444059814 -3.033084 0.114226 3.048481 0.008131 0.811833 -0.009895 -0.583750
1770106664793369385 -3.071264 0.118307 3.017945 0.003703 0.800241 -0.006706 -0.599630
1770106665142735596 -3.109424 0.125506 2.994052 0.003732 0.785268 -0.008917 -0.619080
1770106665562019531 -3.185044 0.112892 2.959296 0.001192 0.770521 -0.004856 -0.637395
1770106665911495117 -3.258824 0.108784 2.941638 -0.000622 0.757885 -0.005137 -0.652367
1770106666330823975 -3.294001 0.110017 2.937526 -0.000418 0.744453 -0.007411 -0.667634
1770106666680198486 -3.370674 0.095240 2.953341 -0.001125 0.726941 -0.006446 -0.686669
1770106667029629639 -3.338327 0.112176 2.963955 -0.002507 0.714274 -0.008988 -0.699804
1770106667449367920 -3.388354 0.099247 2.943379 0.002449 -0.693921 0.008736 0.719994
1770106667799419189 -3.363858 0.109743 2.934998 0.003813 -0.679079 0.009084 0.733999
1770106668149561768 -3.359739 0.105804 2.906781 0.004478 -0.656550 0.007334 0.754233
1770106668569076660 -3.352166 0.090285 2.903056 0.005071 -0.640238 0.006157 0.768135
1770106668918707275 -3.315173 0.093666 2.890970 0.004310 -0.621837 0.008235 0.783092
1770106669338220947 -3.310745 0.083335 2.848131 0.001745 -0.600254 0.008736 0.799760
1770106669688125732 -3.421468 0.064211 2.886188 0.000820 -0.580212 0.004728 0.814452
1770106670038097656 -3.482898 0.052443 2.911827 -0.000826 -0.572625 0.004300 0.819806
1770106670457902344 -3.449924 0.060818 2.909913 -0.001817 -0.583997 0.009662 0.811696
1770106670807294922 -3.460987 0.059363 2.924343 -0.003886 -0.602939 0.011795 0.797691
1770106671296488525 -3.578451 0.055841 2.984111 -0.002883 -0.627035 0.008418 0.778940
1770106671645461670 -3.600063 0.050559 3.001583 -0.005523 -0.645572 0.009095 0.763625
1770106671994411621 -3.646533 0.079397 2.979327 -0.007495 -0.663401 0.013110 0.748112
1770106672413078613 -3.687803 0.079768 3.021531 -0.011362 -0.683027 0.015445 0.730142
1770106672761828125 -3.788675 0.052319 3.097003 0.014390 0.709847 -0.013511 -0.704079
1770106673110560059 -3.918258 0.054608 3.160665 0.015162 0.735962 -0.018479 -0.676601
1770106673529182373 -3.825369 0.104777 3.200465 0.017415 0.765714 -0.027695 -0.642348
1770106673877953613 -3.626128 0.112834 3.323798 0.015915 0.788499 -0.032180 -0.613988
1770106674296478760 -3.663662 0.111610 3.338433 0.013931 0.812431 -0.030422 -0.582096
1770106674644991699 -3.681089 0.104343 3.368504 0.013308 0.832489 -0.026353 -0.553254
1770106674993278320 -3.731448 0.103190 3.335054 0.007674 0.834359 -0.022304 -0.550717
1770106675411159180 -3.761479 0.086898 3.306343 0.003010 0.808101 -0.014698 -0.588853
1770106675759215332 -3.802189 0.087061 3.296583 0.003178 0.779260 -0.016547 -0.626474
1770106676176788086 -3.852548 0.062656 3.269661 0.002099 0.733471 -0.012547 -0.679601
1770106676524708008 -3.790480 0.048531 3.221043 0.002738 -0.693682 0.008102 0.720230
1770106676872640137 -3.776489 0.026150 3.175976 0.003875 -0.644319 0.005818 0.764725
1770106677359621582 -3.723532 0.023519 3.175361 0.008257 -0.596661 0.003163 0.802444
1770106677707561279 -3.837757 -0.019614 3.168259 0.011611 -0.549690 0.011750 0.835205
1770106678125068115 -3.908573 -0.015235 3.210659 0.006773 -0.510453 0.012834 0.859783
1770106678472931152 -3.902782 -0.016378 3.224902 0.010665 -0.446927 0.022058 0.894235
1770106678820364746 -3.809670 -0.092205 3.285786 0.003969 -0.407352 0.032637 0.912679
1770106679237142090 -3.848893 -0.104181 3.300256 0.001828 -0.352105 0.031128 0.935441
1770106679584265869 -3.874556 -0.134608 3.356730 0.004802 -0.301425 0.028697 0.953046
1770106679931155762 -3.916895 -0.127002 3.340810 0.006579 -0.233746 0.026030 0.971927
1770106680347244629 -3.943436 -0.131478 3.344772 0.000691 -0.229040 0.027756 0.973021
1770106680693953613 -3.972000 -0.157968 3.406852 0.001165 -0.240893 0.031129 0.970052
1770106681109910156 -3.975332 -0.171650 3.451684 0.001479 -0.264178 0.034419 0.963858
1770106681456390625 -3.988480 -0.193330 3.528698 -0.000334 -0.293415 0.035688 0.955319
1770106681802744385 -3.961130 -0.200961 3.589176 -0.003054 -0.309424 0.037746 0.950170
1770106682218166260 -3.996043 -0.215168 3.616507 -0.001771 -0.313920 0.033453 0.948858
1770106682564236084 -4.041667 -0.201621 3.662060 -0.005160 -0.300136 0.025102 0.953552
1770106682979542725 -4.070529 -0.154703 3.703985 -0.006946 -0.274938 0.023093 0.961159
1770106683325457764 -4.100692 -0.149483 3.733101 -0.004722 -0.256322 0.021180 0.966348
1770106683671497070 -4.115923 -0.154399 3.746341 -0.005742 -0.248596 0.019330 0.968397
1770106684086797363 -4.143096 -0.150911 3.819066 -0.004987 -0.240156 0.014667 0.970611
1770106684432743164 -4.165040 -0.159280 3.846878 -0.005964 -0.250721 0.021409 0.967804
1770106684778709473 -4.165092 -0.163910 3.889927 -0.006155 -0.283337 0.018726 0.958818
1770106685193725342 -4.156264 -0.168459 3.915339 -0.011236 -0.309053 0.027379 0.950584
1770106685539518555 -4.144966 -0.169083 3.938783 -0.012186 -0.354417 0.031675 0.934471
1770106685954794922 -4.141726 -0.187027 3.939992 -0.014050 -0.393858 0.027914 0.918640
1770106686300749512 -4.121092 -0.193936 3.973428 -0.017447 -0.448564 0.037060 0.892812
1770106686646708252 -4.094961 -0.207199 3.940199 -0.020596 -0.499442 0.042323 0.865068
1770106687060887451 -4.133564 -0.218416 4.032190 -0.019970 -0.538835 0.033452 0.841510
1770106687405869873 -4.181762 -0.208920 4.068684 -0.017915 -0.540753 0.035412 0.840245
1770106687817875977 -4.222565 -0.215613 4.116210 -0.019292 -0.518879 0.033675 0.853966
1770106688160155762 -4.273872 -0.222228 4.113822 -0.019664 -0.496375 0.028055 0.867432
1770106688502113770 -4.374006 -0.215768 4.139128 -0.020347 -0.448103 0.024359 0.893418
1770106688911420410 -4.441453 -0.211097 4.215670 -0.018224 -0.403559 0.020087 0.914552
1770106689251956787 -4.512215 -0.217007 4.269684 -0.018758 -0.350039 0.013168 0.936455
1770106689660033447 -4.570515 -0.208824 4.298364 -0.015895 -0.300412 0.011347 0.953610
1770106689999406250 -4.600509 -0.200120 4.294127 -0.012080 -0.234769 0.008607 0.971938
1770106690338303467 -4.635243 -0.216028 4.339295 -0.014299 -0.183800 0.004718 0.982848
1770106692430601807 -4.695136 -0.204093 4.390160 -0.010086 -0.113057 -0.004450 0.993527
1770106692604768799 -4.699847 -0.203491 4.423164 -0.007636 -0.062561 -0.009221 0.997969
1770106692683083740 -4.733081 -0.224571 4.446291 -0.008610 -0.004199 -0.015437 0.999835
1770106692797651123 -4.738979 -0.228076 4.466516 -0.007913 0.021895 -0.019305 0.999543
1770106691352469238 -4.750659 -0.229385 5.033672 -0.000162 0.276856 -0.027659 0.960513
1770106691554765869 -4.713809 -0.259957 5.059876 -0.000864 0.276569 -0.025396 0.960658
1770106693086120605 -4.701455 -0.258731 5.072011 0.000058 0.277020 -0.025480 0.960526
1770106691892003906 -4.763984 -0.244138 4.827095 -0.003161 0.161575 -0.029464 0.986415
1770106692094144043 -4.776972 -0.255831 4.824959 -0.004137 0.187335 -0.029023 0.981858
1770106693411270752 -4.659789 -0.254472 5.095520 0.002393 0.274787 -0.028295 0.961086
1770106693606963379 -4.649425 -0.258386 5.108101 0.001305 0.274515 -0.028323 0.961165
1770106693816565918 -4.810726 -0.291014 4.880203 -0.009416 0.255211 -0.028237 0.966427
1770106694033591064 -4.623773 -0.270051 5.156369 -0.001208 0.265737 -0.024224 0.963740
1770106694284480957 -4.562217 -0.273713 5.232314 -0.004306 0.240828 -0.023391 0.970276
1770106694519667236 -4.503503 -0.279967 5.292890 -0.006849 0.212737 -0.019506 0.976891
1770106694800061279 -4.417117 -0.285398 5.349528 -0.007671 0.157427 -0.012614 0.987420
1770106695033505859 -4.382853 -0.276601 5.336391 -0.004063 0.109483 -0.003407 0.993974
1770106695286243164 -4.278388 -0.255962 5.444768 -0.002416 0.033160 0.001452 0.999446
1770106695583635986 -4.255842 -0.155580 5.461020 0.006805 -0.031099 0.001745 0.999492
1770106695840434570 -4.181442 -0.133282 5.565609 0.007620 -0.093228 0.004283 0.995606
1770106696108565674 -4.147087 -0.121160 5.674569 0.004584 -0.156522 0.010229 0.987611
1770106696426270508 -4.142642 -0.099185 5.783811 0.008193 -0.219777 0.012519 0.975436
1770106696706559814 -4.049019 -0.120358 5.898398 0.007107 -0.252159 0.013335 0.967568
1770106697046073242 -3.993909 -0.149782 6.029737 0.002519 -0.291427 0.013632 0.956493
1770106697330979004 -4.012278 -0.166301 6.101862 -0.001856 -0.320709 0.015228 0.947054
1770106697630627441 -4.031220 -0.154953 6.187621 -0.007723 -0.372110 0.019072 0.927961
1770106697989546143 -4.049988 -0.182655 6.231131 -0.013903 -0.407135 0.014843 0.913141
1770106698296310791 -4.062780 -0.218028 6.337063 -0.026386 -0.466531 0.014627 0.883990
1770106698675121582 -4.055390 -0.230159 6.365307 -0.029920 -0.503646 0.016854 0.863227
1770106698991793457 -4.083007 -0.243080 6.409207 -0.036912 -0.536125 0.017786 0.843143
1770106699319522461 -4.164737 -0.230757 6.456959 -0.037601 -0.566185 0.017988 0.823224
1770106699718675537 -4.206119 -0.234475 6.480946 -0.036259 -0.559391 0.011774 0.828027
1770106700054730225 -4.265586 -0.226410 6.493296 -0.031067 -0.524221 0.007414 0.850983
1770106700401528564 -4.314800 -0.204094 6.498525 -0.021029 -0.488049 0.005749 0.872544
1770106700822525391 -4.360976 -0.173749 6.497428 -0.010952 -0.438169 0.004637 0.898814
1770106701178687256 -4.402071 -0.169331 6.510025 -0.009819 -0.397102 0.003950 0.917713
1770106701614428467 -4.500370 -0.138707 6.453064 0.001640 -0.332777 -0.001372 0.943003
1770106701982918701 -4.568379 -0.128115 6.462662 0.006435 -0.284639 -0.004300 0.958604
1770106702356807617 -4.643437 -0.138913 6.474323 0.004349 -0.223553 -0.006386 0.974661
1770106702813634033 -4.712453 -0.162336 6.486764 0.000457 -0.174909 -0.009848 0.984535
1770106703200893066 -4.854747 -0.157341 6.494170 0.002282 -0.100953 -0.009697 0.994841
1770106703673055664 -4.894596 -0.157841 6.539505 0.003140 -0.054441 -0.010051 0.998461
1770106704074846924 -5.003547 -0.175536 6.604035 -0.002209 0.014220 -0.016309 0.999763
1770106704479711182 -5.051491 -0.164078 6.700228 0.000911 0.074343 -0.021636 0.996998
1770106704965071533 -5.074759 -0.163023 6.789396 -0.001715 0.134290 -0.025468 0.990613
1770106705378657471 -5.117412 -0.144470 6.875963 -0.000917 0.184667 -0.029849 0.982347
1770106705881148438 -5.079716 -0.139440 6.980570 0.000111 0.223108 -0.029935 0.974334
1770106706309450928 -5.066996 -0.140488 7.011795 0.000359 0.222298 -0.029431 0.974534
1770106706747687500 -5.039783 -0.137160 7.063130 0.001155 0.196035 -0.025850 0.980256
1770106707167442139 -5.003197 -0.132542 7.127699 0.000534 0.171830 -0.025622 0.984793
1770106707517483154 -4.963784 -0.137891 7.176290 -0.000864 0.137246 -0.026632 0.990178
1770106707867232422 -4.929709 -0.132931 7.225584 -0.001030 0.109547 -0.024392 0.993682
1770106708285307861 -4.897666 -0.137495 7.271291 -0.003716 0.078457 -0.024189 0.996617
1770106708633777832 -4.837111 -0.137984 7.337590 -0.005029 0.036743 -0.017684 0.999156
1770106709051860107 -4.767459 -0.142359 7.381615 -0.006341 -0.006508 -0.019380 0.999771
1770106709400013672 -4.823879 -0.141154 7.480748 -0.009001 0.029048 -0.026100 0.999197
1770106709748186279 -4.895727 -0.105196 7.572337 0.002560 0.106546 -0.034775 0.993696
1770106710165677002 -4.871802 -0.135636 7.605478 -0.006090 0.153126 -0.031137 0.987697
1770106710513413086 -4.896401 -0.119775 7.694625 -0.002038 0.221941 -0.037482 0.974337
1770106710930687256 -4.833807 -0.115049 7.800532 -0.001133 0.291597 -0.038987 0.955746
1770106711278484863 -4.756303 -0.116247 7.897010 0.001088 0.341606 -0.029373 0.939383
1770106711626281250 -4.632202 -0.107545 7.974456 0.000929 0.382565 -0.024279 0.923609
1770106712043653076 -4.475725 -0.117768 8.079386 -0.001234 0.426841 -0.016538 0.904175
1770106712391425537 -4.359711 -0.122095 8.221184 -0.009066 0.500402 -0.018070 0.865557
1770106712739192871 -4.226105 -0.081302 8.320395 -0.002084 0.560424 -0.023991 0.827856
1770106713156668945 -4.032796 -0.087935 8.426581 -0.002027 0.625108 -0.037704 0.779624
1770106713505416748 -4.060205 -0.108124 8.437581 -0.001817 0.662709 -0.033523 0.748124
1770106713923988770 -3.947913 -0.117574 8.471759 0.003034 0.672933 -0.025740 0.739250
1770106714272240234 -3.898678 -0.116474 8.471780 0.002444 0.672208 -0.027055 0.739864
1770106714620029053 -3.839583 -0.117123 8.470669 0.003281 0.670851 -0.026439 0.741113
1770106715037366699 -3.792723 -0.114480 8.472072 0.005616 0.667619 -0.025776 0.744036
1770106715385122070 -3.747197 -0.124298 8.451154 0.005031 0.648372 -0.022489 0.760975
1770106715802410156 -3.698051 -0.125660 8.438541 0.005521 0.629365 -0.020859 0.776810
1770106716150140625 -3.697677 -0.135994 8.402288 0.007379 0.605862 -0.018106 0.795329
1770106716498377930 -3.700753 -0.150585 8.357436 0.008841 0.582643 -0.014370 0.812553
1770106716916406006 -3.718346 -0.168812 8.355518 0.009078 0.566439 -0.008803 0.824007
1770106717264791992 -3.701720 -0.182895 8.329062 0.007922 0.541044 -0.008316 0.840916
1770106717682768066 -3.660673 -0.192334 8.334665 0.005707 0.542543 -0.010550 0.839942
1770106718031107666 -3.521747 -0.173418 8.402406 0.004879 0.565302 -0.011369 0.824791
1770106718379207031 -3.489199 -0.188382 8.434866 0.001212 0.584064 -0.017179 0.811525
1770106718796417969 -3.426207 -0.191398 8.449738 0.001209 0.597065 -0.016469 0.802023
1770106719144074951 -3.370042 -0.188432 8.472916 0.002147 0.605186 -0.018288 0.795871
1770106719491707275 -3.291329 -0.187366 8.503060 0.003135 0.613054 -0.017688 0.789836
1770106719908834717 -3.262031 -0.188971 8.499970 0.002175 0.614676 -0.018846 0.788552
1770106720256416992 -3.167054 -0.199225 8.532982 0.001105 0.618534 -0.018447 0.785541
1770106720673855469 -3.150477 -0.190085 8.531359 0.000636 0.614084 -0.018560 0.789022
1770106721021670166 -3.084482 -0.183880 8.531951 0.004251 0.594948 -0.017502 0.803563
1770106721369475586 -3.047469 -0.179422 8.537747 0.003708 0.576433 -0.015864 0.816982
1770106721716992188 -3.022741 -0.167441 8.518263 0.005925 0.549879 -0.014293 0.835101
1770106723246086670 -2.965818 -0.173470 8.525161 0.003471 0.529023 -0.012097 0.848514
1770106723454584473 -2.931348 -0.175786 8.525302 0.004061 0.505504 -0.008699 0.862771
1770106722272953369 -2.890140 -0.135632 8.533648 0.005586 0.492448 -0.010633 0.870259
1770106723698992920 -2.827507 -0.165682 8.594687 -0.000033 0.497647 -0.009883 0.867323
1770106723842497314 -2.795850 -0.167993 8.619790 -0.002968 0.511862 -0.012904 0.858966
1770106723936858154 -2.730868 -0.184245 8.654890 -0.005822 0.535507 -0.010532 0.844445
1770106724122438965 -2.676377 -0.203191 8.685739 -0.008967 0.556362 -0.013723 0.830778
1770106724387714600 -2.602801 -0.208236 8.751277 -0.013158 0.598677 -0.017071 0.800701
1770106724638385986 -2.537620 -0.174110 8.751761 -0.008317 0.630713 -0.018221 0.775758
1770106724931742920 -2.419490 -0.176828 8.762103 -0.007566 0.668364 -0.018992 0.743553
1770106725192881836 -2.355430 -0.159788 8.749154 -0.003804 0.698137 -0.023007 0.715585
1770106725454150391 -2.308013 -0.159672 8.753663 -0.000530 0.729688 -0.022888 0.683397
1770106725762084961 -2.264637 -0.161042 8.771736 -0.000332 0.766538 -0.025980 0.641673
1770106726036788818 -2.176493 -0.156373 8.753484 -0.002025 0.793928 -0.029727 0.607281
1770106726361280029 -2.092747 -0.142574 8.748658 -0.001770 0.825683 -0.035998 0.562982
1770106726634372070 -1.572293 -0.085233 8.577332 0.001250 0.857500 -0.042262 0.512743
1770106726914418213 -1.965572 -0.142673 8.706946 0.001351 0.849828 -0.035890 0.525835
1770106727246059814 -1.938393 -0.142640 8.675134 0.004183 0.850789 -0.035067 0.524320
1770106727535680420 -1.626083 -0.156680 8.529225 0.004255 0.852130 -0.035926 0.522078
1770106727888334229 -1.614581 -0.158407 8.506190 0.005179 0.849993 -0.035802 0.525550
1770106728179835449 -1.864244 -0.145377 8.629827 0.004792 0.850834 -0.036209 0.524164
1770106728481205566 -1.818854 -0.140730 8.611938 0.007050 0.850406 -0.035579 0.524876
1770106728844523193 -1.523923 -0.160144 8.470583 0.001739 0.852308 -0.036867 0.521736
1770106729145767090 -1.480780 -0.136227 8.475346 0.002928 0.864979 -0.040812 0.500138
1770106729459513916 -1.738731 -0.145940 8.555328 0.008016 0.847419 -0.034882 0.529717
1770106729836959717 -1.371452 -0.135259 8.379524 0.003883 0.895966 -0.040422 0.442262
1770106730151552979 -1.147815 -0.081501 8.319985 0.010411 0.929093 -0.044942 0.366957
1770106730541234375 -1.033111 -0.052419 8.280113 0.007496 0.951079 -0.047286 0.305214
1770106730866382324 -0.928988 -0.041897 8.199008 0.003465 0.976067 -0.051396 0.211282
1770106731195678223 -0.961956 0.016833 8.153378 0.004492 0.988473 -0.059021 0.139345
1770106731599003662 -0.951827 0.046306 8.166306 0.005947 0.996777 -0.066504 0.044479
1770106731936534424 -0.880257 0.046463 8.335546 0.011801 0.996880 -0.067525 -0.039121
1770106732350133301 -0.879624 -0.104719 8.654687 0.018307 0.987867 -0.059383 -0.142330
1770106732698280029 -0.857247 -0.118307 8.643821 0.027518 0.981882 -0.056583 -0.178742
1770106733048541016 -0.846993 -0.116641 8.646707 0.033389 0.977275 -0.057262 -0.201343
1770106733473046875 -0.927684 -0.140605 8.514783 0.035477 0.975364 -0.058986 -0.209589
1770106733830023682 -1.052105 -0.149966 8.452777 0.036484 0.977124 -0.056822 -0.201665
1770106734264701904 -1.045969 -0.182373 8.406316 0.032813 0.977145 -0.054927 -0.202717
1770106734633044922 -0.973333 -0.099129 8.358026 0.043697 0.975984 -0.058645 -0.205200
1770106735005387207 -0.957854 -0.116084 8.313791 0.041197 0.982264 -0.059182 -0.173081
1770106735427407959 -1.021086 -0.155909 8.164964 0.034024 0.989703 -0.062441 -0.124224
1770106735805238525 -1.262460 -0.132095 7.939991 0.034831 0.996149 -0.063162 -0.049852
1770106736187909180 -1.293006 -0.125682 7.834367 0.029768 0.997555 -0.063226 -0.000875
1770106736651933838 -1.348262 -0.111856 7.690825 0.030614 0.995148 -0.066889 0.065342
1770106737043455566 -1.374463 -0.107636 7.605990 0.032546 0.989895 -0.069974 0.118965
1770106737521019775 -1.322091 -0.097978 7.385833 0.033787 0.981683 -0.064744 0.175967
1770106737920211426 -1.319964 -0.092588 7.343932 0.033485 0.971892 -0.070811 0.222015
1770106738326327148 -1.421431 -0.163296 7.208695 0.042868 0.950288 -0.052006 0.303992
1770106738803206299 -1.460573 -0.113068 7.167353 0.048717 0.932857 -0.056894 0.352374
1770106739152496338 -1.509357 -0.126328 7.156307 0.049640 0.909094 -0.057906 0.409550
1770106739571889404 -1.507526 -0.167855 7.115463 0.049656 0.886441 -0.055232 0.456844
1770106739920386719 -1.498224 -0.163037 7.069681 0.048465 0.857904 -0.057472 0.508281
1770106740268125244 -1.461102 -0.188665 7.009768 0.040162 0.841301 -0.058259 0.535915
1770106740685419434 -1.390083 -0.204823 7.027190 0.039077 0.888391 -0.058400 0.453679
1770106741033405029 -1.294510 -0.173586 7.001486 0.047680 0.922151 -0.066591 0.378062
1770106741381464111 -1.274370 -0.162736 6.909801 0.043615 0.949411 -0.065735 0.303967
1770106741799192871 -1.226593 -0.191496 6.930009 0.043403 0.972092 -0.059851 0.222644
1770106742147324707 -1.138339 -0.223316 6.944535 0.044335 0.986926 -0.055467 0.144689
1770106742565155029 -1.154809 -0.218749 6.838377 0.052600 0.986782 -0.053511 0.143635
1770106742913268066 -1.163170 -0.219842 6.784733 0.051132 0.985508 -0.055942 0.151755
1770106743261281006 -1.181171 -0.225610 6.701751 0.051118 0.982550 -0.055477 0.170011
1770106743678933105 -1.169882 -0.243147 6.693696 0.050080 0.979595 -0.055063 0.186693
1770106744027491211 -1.041433 -0.321147 6.616910 0.047080 0.974184 -0.052203 0.214533
1770106744446647217 -1.009279 -0.347353 6.537918 0.042831 0.963703 -0.048962 0.258930
1770106744796075195 -1.001832 -0.303788 6.424268 0.040338 0.945723 -0.052819 0.318106
1770106745144475586 -0.988162 -0.290545 6.356942 0.049988 0.929570 -0.056363 0.360865
1770106745562490967 -0.948032 -0.306397 6.301004 0.041788 0.917417 -0.055905 0.391758
1770106745910900879 -0.920048 -0.312353 6.284805 0.040744 0.926023 -0.055697 0.371105
1770106746398874512 -0.873656 -0.318743 6.272933 0.041726 0.942581 -0.053054 0.327087
1770106746747503906 -0.840775 -0.335813 6.274002 0.035441 0.958228 -0.049747 0.279406
1770106747096243164 -0.750196 -0.437367 6.274199 0.039623 0.978919 -0.040839 0.196161
1770106747515732666 -0.700414 -0.484416 6.283451 0.033528 0.991092 -0.037945 0.123179
1770106747865442871 -0.655427 -0.558841 6.292565 0.026272 0.998882 -0.028960 0.026555
1770106748214292969 -0.642172 -0.566654 6.245687 0.038615 0.998523 -0.028882 -0.025047
1770106748632547119 -0.643052 -0.535181 6.136580 0.040322 0.997487 -0.029083 -0.050482
1770106748981135986 -0.629611 -0.576820 6.060517 0.044941 0.996332 -0.023183 -0.069031
1770106749399626953 -0.617428 -0.546387 5.983314 0.047002 0.995064 -0.024918 -0.083765
1770106749748550049 -0.636405 -0.565360 5.914054 0.046287 0.995171 -0.022162 -0.083675
1770106750097437500 -0.672699 -0.617209 5.850743 0.052283 0.995926 -0.015553 -0.071802
1770106750515485107 -0.683528 -0.585744 5.826993 0.059322 0.997100 -0.011953 -0.046152
1770106750863877197 -0.738240 -0.577711 5.814671 0.061682 0.997779 -0.015870 0.019509
1770106751281887207 -0.789554 -0.627964 5.747685 0.045704 0.991106 -0.019427 0.123458
1770106751630142090 -0.770075 -0.657912 5.791843 0.052757 0.985685 -0.002739 0.160110
1770106751978401123 -0.838379 -0.594745 5.744787 0.065638 0.960067 -0.011442 0.271721
1770106752395466553 -0.847556 -0.608035 5.585526 0.066301 0.926669 -0.004802 0.369953
1770106752742547607 -0.813927 -0.577635 5.420816 0.076349 0.873446 -0.010156 0.480790
1770106752950768066 -0.869781 -0.559209 5.212866 0.081660 0.811649 -0.022509 0.577971
1770106753158967529 -0.580429 -0.548550 5.070699 0.066419 0.742759 -0.033066 0.665436
1770106754497099854 -0.565227 -0.544319 5.064726 0.062873 0.751603 -0.036532 0.655595
1770106754640274414 -0.502735 -0.518192 5.109350 0.062470 0.776047 -0.039337 0.626339
1770106753714304932 -0.464482 -0.541556 5.105643 0.060883 0.791123 -0.030106 0.607875
1770106754873664063 -0.454856 -0.540548 5.101464 0.061719 0.809999 -0.028574 0.582474
1770106755021223145 -0.497275 -0.529810 5.075583 0.061902 0.823176 -0.028471 0.563683
1770106755273895264 -0.404144 -0.559794 5.076971 0.056215 0.837528 -0.020246 0.543118
1770106755569620117 -0.339894 -0.535734 5.038096 0.060303 0.829778 -0.021256 0.554419
1770106755825285645 -0.365159 -0.509298 4.917538 0.065722 0.801635 -0.027558 0.593551
1770106756080299561 -0.218089 -0.505767 4.881413 0.059774 0.780541 -0.028922 0.621568
1770106756379440430 -0.155046 -0.539210 4.803268 0.067967 0.738742 -0.034177 0.669681
1770106756706502197 -0.065617 -0.569092 4.728375 0.071664 0.697979 -0.031433 0.711830
1770106757028484375 0.060147 -0.548435 4.684804 0.067614 0.651633 -0.033847 0.754756
1770106757302270752 0.256568 -0.580931 4.633562 0.061925 0.616125 -0.028605 0.784689
1770106757579616699 0.294911 -0.611472 4.584928 0.066205 0.564838 -0.028257 0.822057
1770106757907791992 0.333547 -0.577224 4.629907 0.059157 0.524402 -0.032321 0.848798
1770106758194907227 0.360335 -0.566333 4.675554 0.057197 0.464127 -0.034925 0.883230
1770106758484250732 0.397406 -0.557602 4.707880 0.056080 0.415245 -0.036467 0.907247
1770106758831221191 0.381589 -0.565874 4.682008 0.053210 0.363697 -0.038876 0.929183
1770106759131579102 0.499093 -0.575115 4.644584 0.042327 0.322034 -0.037806 0.945026
1770106759489825684 0.519754 -0.581145 4.705154 0.046564 0.332923 -0.043751 0.940787
1770106759791583252 0.549283 -0.595151 4.761753 0.043096 0.352252 -0.049160 0.933619
1770106760103505127 0.567421 -0.627012 4.831256 0.044780 0.374042 -0.049478 0.925008
1770106760476983398 0.607968 -0.646518 4.889567 0.046773 0.398230 -0.047958 0.914836
1770106760792187744 0.646776 -0.661642 4.889675 0.046402 0.417426 -0.045025 0.906408
1770106761178882324 0.665635 -0.674254 4.909086 0.044506 0.448633 -0.046695 0.891385
1770106761501404785 0.693585 -0.683720 4.894147 0.044746 0.468265 -0.047569 0.881171
1770106761833068115 0.821057 -0.705770 4.934289 0.041870 0.482217 -0.046772 0.873800
1770106762235290283 0.884874 -0.716538 4.964695 0.039565 0.480818 -0.046942 0.874669
1770106762573174561 0.877227 -0.719049 4.989756 0.040562 0.485534 -0.045627 0.872084
1770106762987312500 0.940520 -0.754417 4.986627 0.037104 0.481311 -0.041889 0.874762
1770106763334833252 1.124957 -0.778510 5.134360 0.038397 0.425450 -0.040878 0.903243
1770106763685281250 1.115328 -0.771942 5.115303 0.039945 0.413700 -0.040354 0.908641
1770106764111177490 1.014757 -0.743524 4.966314 0.042929 0.469886 -0.039805 0.880784
1770106764469476074 1.011251 -0.747235 4.984260 0.043098 0.470672 -0.040459 0.880326
1770106764813278564 1.228823 -0.813110 5.173758 0.033768 0.385558 -0.040661 0.921169
1770106765254150391 1.238043 -0.818696 5.161805 0.031861 0.387999 -0.040751 0.920207
1770106765626031250 1.053646 -0.785040 5.011435 0.035803 0.457513 -0.042934 0.887444
1770106766076488281 1.044751 -0.781383 4.999108 0.035532 0.452663 -0.044170 0.889878
1770106766456176025 1.310972 -0.820103 5.171633 0.030202 0.410593 -0.047968 0.910055
1770106766840847412 1.319941 -0.844495 5.198609 0.027535 0.422230 -0.046535 0.904874
1770106767307129150 1.341435 -0.849180 5.205180 0.027929 0.434110 -0.046870 0.899206
1770106767701927979 1.398812 -0.866297 5.239955 0.027225 0.450576 -0.045308 0.891172
1770106768260518066 1.439548 -0.870911 5.262017 0.028865 0.456113 -0.043381 0.888395
1770106768663439209 1.510937 -0.874872 5.304992 0.029210 0.457177 -0.043714 0.887821
1770106769073354248 1.557352 -0.891630 5.331288 0.026534 0.456269 -0.043943 0.888360
1770106769517599121 1.607756 -0.894865 5.369513 0.027657 0.457319 -0.042869 0.887838
1770106769866820313 1.654105 -0.898045 5.384025 0.026873 0.454785 -0.044817 0.889067
1770106770216217529 1.691144 -0.917082 5.413978 0.022771 0.460947 -0.048765 0.885794
1770106770634697510 1.734923 -0.925010 5.421726 0.024901 0.470854 -0.046016 0.880658
1770106770983142334 1.777679 -0.940929 5.479705 0.025992 0.494685 -0.042059 0.867665
1770106771401404053 1.827640 -0.947327 5.490984 0.026550 0.511879 -0.043316 0.857554
1770106771749533691 1.921630 -0.956337 5.539056 0.031665 0.551477 -0.038062 0.832719
1770106772097746582 1.983377 -0.953795 5.572608 0.037735 0.588055 -0.034079 0.807221
1770106772515560059 2.017896 -0.971520 5.573975 0.037653 0.626608 -0.033846 0.777688
1770106772864379150 2.042363 -0.979253 5.595743 0.038268 0.660424 -0.033777 0.749156
1770106773283106934 2.150872 -0.979071 5.626827 0.039622 0.702751 -0.039028 0.709259
1770106773632154297 2.194019 -0.995365 5.615653 0.040258 0.730392 -0.036771 0.680848
1770106773982488525 2.233138 -0.994350 5.639490 0.038996 0.769507 -0.040107 0.636183
1770106774402931152 2.197224 -0.971970 5.696996 0.037171 0.802383 -0.042440 0.594137
1770106774753085205 2.186269 -0.982096 5.708501 0.036666 0.833056 -0.039256 0.550574
1770106775173129150 2.167421 -0.978957 5.772206 0.033938 0.862509 -0.040062 0.503310
1770106775523159424 2.200196 -0.993253 5.817804 0.037589 0.895749 -0.037004 0.441420
1770106775873510986 2.233702 -0.999210 5.817027 0.036993 0.912621 -0.035546 0.405574
1770106776294069824 2.279599 -1.006234 5.838384 0.036704 0.930498 -0.029938 0.363221
1770106776644555420 2.239421 -1.015391 5.822465 0.044679 0.934967 -0.032053 0.350446
1770106776995154297 2.322366 -1.023987 5.787992 0.042044 0.944923 -0.031127 0.323085
1770106777415933350 2.366855 -1.042868 5.789286 0.035879 0.956973 -0.029712 0.286413
1770106777766460938 2.387935 -1.042308 5.762067 0.032771 0.962330 -0.031017 0.268113
1770106778186769287 2.379116 -1.057576 5.738073 0.033329 0.966892 -0.029430 0.251282
1770106778537041992 2.381994 -1.048694 5.763206 0.042639 0.968817 -0.030749 0.242136
1770106778887169189 2.394131 -1.050431 5.760544 0.041005 0.969090 -0.030140 0.241402
1770106779307259521 2.424573 -1.078336 5.697192 0.046655 0.968852 -0.021295 0.242273
1770106779657325684 2.407547 -1.068262 5.740039 0.038498 0.969825 -0.023945 0.239548
1770106780077457275 2.388626 -1.064140 5.755559 0.033897 0.970053 -0.024453 0.239269
1770106780427557861 2.398807 -1.073714 5.749689 0.036974 0.970458 -0.021285 0.237469
1770106780777683594 2.388785 -1.074355 5.755976 0.029233 0.970618 -0.021097 0.237908
1770106781198690918 2.399672 -1.078253 5.733241 0.038281 0.970280 -0.020377 0.238069
1770106781549663574 2.396886 -1.064081 5.776504 0.031391 0.971858 -0.023306 0.232299
1770106781970504639 2.395775 -1.084592 5.724225 0.039367 0.970664 -0.017642 0.236536
1770106782320582764 2.396605 -1.059516 5.772076 0.029108 0.971523 -0.025882 0.233723
1770106782670649902 2.396588 -1.072840 5.745214 0.023768 0.971906 -0.022802 0.233052
1770106783090642334 2.397896 -1.070972 5.745188 0.023993 0.971905 -0.023498 0.232966
1770106783440567139 2.395253 -1.075402 5.739052 0.023498 0.971682 -0.022151 0.234077
1770106783790467529 2.394717 -1.083270 5.731701 0.024824 0.971836 -0.019092 0.233568
1770106784000370361 2.395479 -1.084089 5.732229 0.025219 0.971760 -0.018823 0.233862
1770106784280215820 2.399679 -1.083061 5.730592 0.027277 0.971974 -0.019356 0.232696
