idx tx ty tz qx qy qz qw
0.0 -3.469446951953614e-17 2.3283069916502086e-10 -2.3283064365386963e-10 8.6736171213901e-19 5.820765917874397e-11 -1.1368509961006004e-13 1.0
1.0 0.0031407643109560013 -0.038585465401411057 0.027409283444285393 -0.00615215883753131 0.013070158060325455 -0.0024952519386653126 0.9998925420402327
2.0 0.009944140911102295 -0.02080148458480835 0.11090406030416489 -0.004580063837477512 0.02342021961482554 -0.004579640193445757 0.999704728019297
3.0 0.05881965532898903 -0.02903609722852707 0.21616721153259277 -0.006135114779352946 0.029715876916944717 -0.004016941193737318 0.9995314858518202
4.0 0.013500815257430077 -0.03972714766860008 0.18606683611869812 -0.001928520999760024 0.04241560895227848 0.0008900398592038352 0.9990977953899258
5.0 -0.0071541927754879 -0.05382375791668892 0.25214913487434387 -0.0027796449518982793 0.03938200560636933 0.0011372432769157087 0.9992197145203302
6.0 0.01682676002383232 -0.025330107659101486 0.4275270700454712 -0.0017473600257216376 0.027766422482844725 -0.00040778872471268805 0.9996128281608838
7.0 -0.010006875731050968 -0.12041403353214264 0.39878177642822266 -0.008926833136256205 0.018061835624630172 0.0026307010171882908 0.9997935592692045
8.0 0.004030697979032993 -0.07102298736572266 0.5720252990722656 -0.0071279874255375415 0.012573961981787854 0.0006931647740052729 0.9998952979177059
9.0 0.0268831979483366 -0.05221535265445709 0.7264875769615173 -0.0056355864568348605 0.03895667247188613 0.0006054506458775658 0.9992248251843632
10.0 0.029520153999328613 -0.05502290278673172 0.8400787115097046 -0.005730589905763902 0.060592985107711994 0.00021328083132575852 0.9981460840009119
11.0 0.05700574070215225 -0.021083196625113487 0.9919869899749756 -0.003080336427550818 0.0351454185594407 -0.0008831238584992496 0.9993770715670963
12.0 0.04071623086929321 -0.04277023673057556 1.0784473419189453 -0.005782596024959842 0.009917069551589002 3.019664727835253e-05 0.9999341040303024
13.0 0.0438864566385746 -0.040050115436315536 1.2131595611572266 -0.006370117624533848 -0.006691490238910185 -0.0001615851736723613 0.9999573088137631
14.0 0.04397336766123772 -0.03637002781033516 1.354989767074585 -0.006488462686304582 0.0016408003416794167 0.00031232210472517414 0.9999775547886613
15.0 0.06289701908826828 0.002105442341417074 1.523480772972107 -0.002192240850343269 0.027747328333711713 -0.0018090304210741325 0.999610927941132
16.0 0.07091742753982544 -0.0037103446666151285 1.6541026830673218 -0.0015584836769883998 0.05920574898891526 -0.0015797599782944951 0.9982433344499231
17.0 0.07890021800994873 -0.002222687704488635 1.7560244798660278 -0.0005667699037667308 0.0839400205017174 -0.002576448989104471 0.9964673168953682
18.0 0.11123953759670258 -0.005544418469071388 1.8983821868896484 -0.0028424407064049327 0.004800979517409909 -0.00031095875022535836 0.9999843870936983
19.0 0.10011376440525055 0.002172633074223995 2.0263583660125732 -0.0032578212503578466 -0.06069292923660036 -0.0016497168542950469 0.998149805077215
20.0 0.08656322211027145 -0.012859134934842587 2.165231943130493 -0.003859281918861336 -0.06341381008599702 -0.001351231502018456 0.9979789420658512
21.0 0.10635870695114136 0.015033642761409283 2.271125078201294 -0.001173866966538994 -0.0050568905715831875 0.00015598512167809886 0.9999865126904132
22.0 0.08137692511081696 0.030048495158553123 2.379650354385376 0.002812066351494284 0.07681293227232017 -0.003062213271176291 0.9970368541676105
23.0 0.09967238456010818 0.0387677364051342 2.5102341175079346 0.0029611085158500108 0.06503049066244143 -0.0020227747129130144 0.9978768338342263
24.0 0.1717628687620163 0.08764050900936127 2.701261520385742 0.0050618838320439325 -0.000550247690574987 -0.0015825093173991419 0.9999857850108722
25.0 0.07911542057991028 -0.001902085728943348 2.850955009460449 -0.002473263779720568 -0.03643222704481529 -0.00033942629140316493 0.9993330078550511
26.0 0.16138386726379395 0.0753001719713211 2.935445785522461 0.0035481058263402373 -0.013695845500760334 0.0005785593918104034 0.9998997449895136
27.0 0.17682945728302002 0.08895251899957657 3.0133349895477295 0.004862376727339523 0.012880176860905174 -0.00011993168046962835 0.9999052174846299
28.0 0.12713763117790222 0.04540617763996124 3.0505592823028564 0.002352175111659381 -0.023034200481942803 -0.0002859856671405572 0.9997318695993442
29.0 0.1500420868396759 0.030392277985811234 3.207439422607422 -0.002732380171164734 -0.08173194380518896 0.00013132104834985496 0.9966505938468145
30.0 0.07744646817445755 0.04504043981432915 3.2820322513580322 -0.00018985851148631023 -0.04523465218950159 -3.954214422681605e-05 0.9989763704069577
31.0 0.09592762589454651 0.05784885585308075 3.3194706439971924 0.004529108109661153 0.04476478727554794 -0.00037639207142070905 0.9989872167995518
32.0 0.06601324677467346 0.047196704894304276 3.377664566040039 0.0035428176889303383 0.06305613171705257 -0.0024585731544348767 0.9980006653874278
33.0 0.07046696543693542 0.03555820509791374 3.455920934677124 0.002666276338792389 0.05544469260889033 -0.0014134348188227556 0.9984571995003111
34.0 0.139749675989151 0.09116916358470917 3.6400139331817627 0.004533438316787446 0.03770700682179276 -0.0010893780804015916 0.9992779607441402
35.0 0.1068989560008049 0.06826114654541016 3.698112964630127 0.0036901386057371223 0.025487860026564946 -0.001264335892777969 0.9996675213905305
36.0 0.14088447391986847 0.0970560759305954 3.988481283187866 0.003928187618881812 0.02274120324173218 -0.0016186257425083194 0.9997323577177316
37.0 0.1503457874059677 0.07940159738063812 4.0190019607543945 0.0005593195537807852 0.033854447547171526 -0.005237754161362662 0.9994128923894557
38.0 0.190106600522995 0.0865524485707283 4.1850762367248535 0.002055642921443297 0.04790029937609282 -0.005362257370651073 0.9988356130253622
39.0 0.19112826883792877 0.08639345318078995 4.253942012786865 0.0023551218029312536 0.06835765112648992 -0.005541029787517555 0.9976427125592892
40.0 0.15789544582366943 0.08571245521306992 4.357118606567383 0.003273737758692256 0.07373622826116893 -0.007254532446429954 0.9972460193161404
41.0 0.15534217655658722 0.05867952108383179 4.428201198577881 -0.00031285271050460564 0.05668277042505337 -0.005475109768436559 0.9983771776403674
42.0 0.1678450107574463 0.03809349983930588 4.417658805847168 0.0005118969688745471 0.03129290516216556 -0.004473310621253098 0.9995001158279526
43.0 0.19267447292804718 0.048482753336429596 4.587291717529297 -0.0013176096857563098 0.016197442387672113 -0.004357343342888334 0.9998584501437222
44.0 0.24596752226352692 0.06473004817962646 4.751362323760986 -0.0005567749160598056 0.005416348491141977 -0.0026263358319086757 0.9999817275984664
45.0 0.2220485657453537 0.07977233827114105 4.8675713539123535 0.0010044922020289247 0.03045607622189913 -0.0032369412682700734 0.9995303600330546
46.0 0.26215803623199463 0.12040383368730545 5.045866966247559 0.0036191127573051117 0.06357736905366718 -0.0034568931190371377 0.9979643631197596
47.0 0.19331777095794678 0.08922350406646729 5.0209879875183105 0.0025826779296045073 0.09669484456080622 -0.0036293424152775084 0.9953041066346033
48.0 0.22074346244335175 0.08794781565666199 5.091740131378174 0.0026338517340911143 0.09486403124954282 -0.004778687739111739 0.9954752847477535
49.0 0.24208590388298035 0.08566878736019135 5.250885486602783 0.0016776850135871168 0.09414158091123968 -0.004382732224864263 0.9955477586609157
50.0 0.28107982873916626 0.08304356038570404 5.246747970581055 0.0021740586220471555 0.0670038529451789 -0.0025266271702342334 0.9977471489885357
51.0 0.33176764845848083 0.10962091386318207 5.312350273132324 0.0021760789234648048 0.021633538321607304 -0.0023610201868070483 0.9997608115363813
52.0 0.4079281985759735 0.10309293866157532 5.406729221343994 0.0015714383050361154 -0.01785814611279606 9.739433279756129e-05 0.9998392909430053
53.0 0.3627525269985199 0.09759507328271866 5.698622703552246 -0.0016136111261764465 0.019403384704513936 -0.00039177367333511677 0.9998103577351712
54.0 0.3264913558959961 0.09216960519552231 5.7032575607299805 0.0019311370221462515 0.07909140349209481 -0.0005627694070102753 0.9968653388969079
55.0 0.3193414807319641 0.08552373945713043 5.8045525550842285 0.002533560412323163 0.1153940917533287 -0.0033606591962015145 0.9933108731056096
56.0 0.3453558683395386 0.07685031741857529 5.965824127197266 0.0005259804561516438 0.11118418244722147 0.0006295071741075315 0.9937994790896302
57.0 0.33610227704048157 0.07380931824445724 5.954589366912842 0.0037391193512697363 0.0916970215118993 -0.002619544328769808 0.9957764875813411
58.0 0.374999076128006 0.07332659512758255 6.056176662445068 0.003956054894610043 0.057879074558414983 0.0007413520789132406 0.998315487586478
59.0 0.4488762617111206 0.12758851051330566 6.428927898406982 0.00643237142050409 0.05822800516968986 -0.0018268239089338362 0.9982809157377863
60.0 0.43687522411346436 0.10805590450763702 6.421443939208984 0.006773657490575349 0.07920790639459617 -0.0027900937833143405 0.9968311996047603
61.0 0.4615887403488159 0.11088458448648453 6.621131420135498 0.0065197808197805475 0.07644301289477701 -0.002173869291678027 0.9970502657990387
62.0 0.49209484457969666 0.15197321772575378 6.618166446685791 0.010349442128442245 -0.0005768780011487072 -0.0012247721279892388 0.9999455266126434
63.0 0.5752916932106018 0.1788182109594345 6.827125072479248 0.010040834181717721 -0.09748730214570098 0.0015457210802749131 0.9951849166439521
64.0 0.5416537523269653 0.13680145144462585 6.733675956726074 0.011658991843128175 -0.02536452109097588 0.0012220205565502947 0.9996095315896038
65.0 0.4581460952758789 0.16458997130393982 7.001442909240723 0.01623962445532781 0.1058518067947455 -0.003517920434198894 0.9942430758278664
66.0 0.46953243017196655 0.1182025671005249 7.006170272827148 0.014026909239098963 0.13463574827130806 0.00023504664925291007 0.9907958446913753
67.0 0.4818880558013916 0.10250183194875717 7.0992207527160645 0.012035715939589381 0.11773965481732458 0.0003157745362778468 0.9929715079053181
68.0 0.5085521936416626 0.1256384551525116 7.182348728179932 0.013518674698560188 0.08104403006082368 -0.000645666407999761 0.9966186300389857
69.0 0.5277134776115417 0.12321996688842773 7.3323564529418945 0.012118959188546038 0.04497224015974165 0.0009753492499026121 0.9989142491410569
70.0 0.544823169708252 0.20222890377044678 7.368016719818115 0.02196671046515692 0.013055103773009842 -6.113740343954019e-05 0.9996734587649276
71.0 0.555176317691803 0.10782356560230255 7.51497220993042 0.010534108106986384 -0.02204279034591071 0.0007490021316961983 0.9997012488518574
72.0 0.5315008163452148 0.11765238642692566 7.6703057289123535 0.0100097083231636 -0.04758743950054048 -0.00014887870443079808 0.9988169097368139
73.0 0.48070263862609863 0.09354514628648758 7.761154651641846 0.0042420947951389894 -0.06291371375995986 -0.0006706418714921578 0.9980097291570653
74.0 0.5348289608955383 0.12206754088401794 7.953764915466309 0.0053592835205710475 -0.10971216898414428 0.0020158816883084955 0.9939469071725912
75.0 0.3784875273704529 0.13796226680278778 8.077435493469238 0.006452632790554282 -0.12831535212495876 0.002861433782649237 0.9917082968977448
76.0 0.35086995363235474 0.07826520502567291 8.185969352722168 0.0006554608034658655 -0.1224275784820492 -0.0028335170722275553 0.9924731883427169
77.0 0.2601165771484375 0.16245295107364655 8.257427215576172 0.00997339806317495 -0.07718120585061877 -0.005052038180583445 0.996954397003564
78.0 0.25194740295410156 0.0616145059466362 8.375383377075195 0.004407718474012936 -0.06623881578543807 -0.0016138111773144497 0.9977927574976082
79.0 0.2711319923400879 0.14214034378528595 8.573665618896484 0.006259185258551095 -0.07424147043558453 -0.004146355715578842 0.9972120308147818
80.0 0.2100660502910614 0.16642645001411438 8.67971420288086 0.007896424808038396 -0.07267004953166782 -0.0044736990819422475 0.9973147428935563
81.0 0.1780862659215927 0.11987703293561935 8.741674423217773 0.003146795465195248 -0.04154909712988003 -0.00758991229717715 0.9991026791262814
82.0 0.1360125094652176 0.08186323195695877 8.816147804260254 -0.0030406224792440904 0.008156043814640423 -0.00817539061543853 0.9999286957341095
83.0 0.4826938509941101 0.051236592233181 8.889333724975586 -0.0034190919057675503 0.1005368847179839 0.06803920652969357 0.9925982626403053
84.0 0.5182045102119446 0.04769423231482506 8.978312492370605 -0.010868448801675427 0.1829123253319559 0.12219273255992635 0.9754454849820365
85.0 0.12336843460798264 0.16770556569099426 9.08617877960205 0.008044263433625581 0.215882325310278 -0.01923163007185625 0.9761968325338989
86.0 0.16141071915626526 0.16191215813159943 9.133512496948242 0.010106950729406095 0.23574476595345334 -0.0165569870807995 0.9716213877078413
87.0 0.21783241629600525 0.1227828785777092 9.247278213500977 0.009908958334512042 0.2566501715009883 -0.011730449937714858 0.9663823769903386
88.0 0.2424408346414566 0.18386197090148926 9.3684720993042 0.014473430655751096 0.2292403100705929 -0.009400913532277596 0.9732168426761585
89.0 0.4158814549446106 0.132635235786438 9.473749160766602 0.014148359141921169 0.14913878835646496 0.03714815141325025 0.9880169333507068
90.0 0.4472391605377197 0.02614583633840084 9.593310356140137 0.009428478551524403 0.07056439370713198 0.060939962299243214 0.9955993627598981
91.0 0.2612433433532715 0.006362381391227245 9.712847709655762 0.007681500153183264 -0.001843189176443581 -0.033503275656508034 0.9994073882703393
92.0 0.34802109003067017 -0.23029756546020508 9.93405818939209 -0.0023342614061638597 -0.1048454454835663 -0.010396764795067542 0.994431441109359
93.0 0.31878194212913513 -0.008398804813623428 10.044236183166504 0.0028118754007369446 -0.14506605723140106 -0.006073394944837289 0.989399336097367
94.0 0.2818017303943634 -0.1259426772594452 10.20672607421875 -0.002557710401055552 -0.20647483088068386 -0.007759022326423181 0.9784178043672527
95.0 0.27338099479675293 0.013583175837993622 10.32295036315918 -0.008708522674303821 -0.2725611427006282 -0.0113278545925053 0.9620323616349349
96.0 0.20118498802185059 -0.028941946104168892 10.413029670715332 -0.008339338882070117 -0.3263814611714926 -0.010091494563307858 0.9451474800093633
97.0 0.172041654586792 -0.14848637580871582 10.476213455200195 -0.010762962218942023 -0.4068789634123942 -0.009629832525380296 0.9133679073091316
98.0 0.06306286156177521 -0.3848111629486084 10.554845809936523 -0.003235795702923619 -0.486319460771643 -0.014256527845495708 0.8736587795671362
99.0 -0.07154329866170883 -0.387280136346817 10.656455039978027 -0.021620758020135734 -0.5388149723373655 -0.03770987770746135 0.8413019276876805
100.0 -0.2237335741519928 -0.3059517443180084 10.702609062194824 -0.030361990588953103 -0.5878073470875431 -0.041791229409995294 0.8073500884881244
101.0 -0.24170467257499695 -0.2435307800769806 10.723700523376465 -0.013857097372501084 -0.6237021715184269 -0.003170404354167888 0.7815328084167925
102.0 -0.06331975013017654 -0.3355506360530853 10.76174545288086 -0.03652766100691944 -0.702584807018464 -0.032233106494201275 0.7099305217934531
103.0 -0.18897898495197296 -0.3882165551185608 10.768401145935059 -0.040175835391179936 -0.7664070756167944 -0.03498335157325854 0.6401423762006668
104.0 -0.13230939209461212 -0.40028342604637146 10.856850624084473 -0.04894507824405725 -0.8483005704953374 -0.0309303753978749 0.5263400358045309
105.0 -0.40902262926101685 -0.2744876444339752 10.764936447143555 0.06299888705884088 0.9425054597918183 0.017406031590871708 -0.3277371333190947
106.0 -0.39292412996292114 -0.39847683906555176 10.768611907958984 0.06282811075802393 0.9498038612118364 0.02162662166908788 -0.3057082644627823
107.0 -0.45738062262535095 -0.27629637718200684 10.78866958618164 0.06854454188355572 0.9597190127430415 0.015640784182295732 -0.2720228450473559
108.0 -0.5382512211799622 -0.2213916927576065 10.721269607543945 0.06756376374414184 0.9734344999389696 0.011403995592847877 -0.2184727924520866
109.0 -0.5627785325050354 -0.23515324294567108 10.699579238891602 0.06961450681266643 0.9847394100675951 0.013993711506070471 -0.15889081389192747
110.0 -0.5728557109832764 -0.24314160645008087 10.668319702148438 0.07061879223042021 0.9939048497507476 0.011953896839717856 -0.08380477418504287
111.0 -0.5684625506401062 -0.2400130182504654 10.688569068908691 0.06673973975578039 0.9918307239342798 0.011580883789830073 -0.108090264723422
112.0 -0.6016173362731934 -0.21994595229625702 10.606439590454102 0.06636460931297467 0.9956196038360713 0.009019977163535423 -0.0652378961954625
113.0 -0.6145166158676147 -0.2241157591342926 10.55842399597168 0.07185535491351322 0.9971243901127076 0.007983515595916871 -0.022716119636583206
114.0 -0.4993513524532318 -0.4533322751522064 10.721327781677246 0.07628961187707936 0.9969185596909436 0.017842113614901147 -0.0038651578405137937
115.0 -0.5757942795753479 -0.48286178708076477 10.63052749633789 0.07542341842386577 0.9967496421757894 0.019140869668873385 0.02085871242463163
116.0 -0.5712578296661377 -0.6119409203529358 10.806285858154297 0.08359744815427021 0.9949848950010717 0.023876439089375062 0.049461510674581245
117.0 -0.6547059416770935 -0.7531664967536926 11.308140754699707 0.08362206067133941 0.9908592054959192 0.02824937198660101 0.1020164635509252
118.0 -0.6965422034263611 -0.7405179738998413 10.955591201782227 0.07501629310944805 0.9857681759508354 0.02673938583746307 0.14804953325058295
119.0 -0.5913635492324829 -0.7233538627624512 10.731819152832031 0.07325071381991903 0.9763873243739678 0.02282507759093196 0.2019434117758844
120.0 -0.5246367454528809 -0.6719783544540405 10.480156898498535 0.07887003330269036 0.9787800978790459 0.02038382571591632 0.18802536395896466
121.0 -0.5861362814903259 -0.7146835327148438 10.600921630859375 0.07548695883062399 0.9862974176513937 0.025863796347955353 0.14439593837489784
122.0 -0.6101990342140198 -0.720831036567688 10.599359512329102 0.0776312485009884 0.9905128559970307 0.027661933856671404 0.10996585277299645
123.0 -0.5930311679840088 -0.685375988483429 10.534661293029785 0.07655058804262754 0.9934467960654964 0.02694573526363617 0.08048228506093927
124.0 -0.52657550573349 -0.6580265760421753 10.398242950439453 0.07553287000412538 0.9962735459547012 0.0276174956580312 0.031162174400459944
125.0 -0.5189814567565918 -0.6710944771766663 10.317607879638672 0.07475502376428746 0.9963128346842524 0.028200694039840463 0.03125928215909438
126.0 -0.5454537868499756 -0.6525086164474487 10.261672973632812 0.07696161973559663 0.9960672334380333 0.02749887010713031 0.034216775149140496
127.0 -0.5032591223716736 -0.6256318092346191 10.155599594116211 0.07617210722462033 0.9962068314351501 0.02517744895839103 0.033702450160885716
128.0 -0.5148118734359741 -0.6525892019271851 10.117460250854492 0.07749446446453553 0.9943257758244918 0.02655757661692373 0.06786423677176054
129.0 -0.5180044174194336 -0.6716551780700684 10.11218547821045 0.0775577682835881 0.9918959701396916 0.025279170230216474 0.09740708676467595
130.0 -0.5121318101882935 -0.6640166640281677 9.988091468811035 0.07903683564821079 0.9907878519072667 0.02407095704452732 0.10729958131634292
131.0 -0.47505730390548706 -0.6245167851448059 9.925504684448242 0.07720568454247004 0.9957185470810231 0.02541047519412012 0.044024595666442984
132.0 -0.4737822711467743 -0.6356268525123596 9.901155471801758 0.0772712276909335 0.9958034292960481 0.025716996501494213 0.041753127599124036
133.0 -0.4634023606777191 -0.6343177556991577 9.827181816101074 0.07617927320450547 0.9965615386357726 0.02674518325991694 0.018614865520012448
134.0 -0.45454609394073486 -0.6224278211593628 9.78391170501709 0.07600439106084057 0.9967349540918925 0.026861543931502325 -0.004606656978751398
135.0 -0.4134925603866577 -0.5108277797698975 9.521500587463379 0.06911383802743817 0.9942610731846712 0.0256854434357926 -0.07751421636248257
136.0 -0.41903215646743774 -0.4933609962463379 9.493989944458008 0.0646328196903833 0.9865112744035485 0.028129914226234187 -0.14773899965541293
137.0 -0.39221513271331787 -0.4645858108997345 9.256155967712402 0.06449278768550355 0.9741053282732004 0.030856783681795116 -0.21449323687969238
138.0 -0.5848159790039062 -0.44820308685302734 8.767590522766113 0.049192831180671755 0.9642368611811329 0.03314121216505164 -0.25831957137665185
139.0 -0.40825915336608887 -0.5080361366271973 8.982039451599121 0.06180763730206801 0.9514491022140084 0.03565973475206712 -0.2994207828202739
140.0 -0.5715355277061462 -0.5003487467765808 8.08193588256836 0.04687740927352542 0.9441286234856726 0.04071078796657532 -0.3236762001723202
141.0 -0.4880005121231079 -0.4166766405105591 8.44611644744873 0.03706853432465762 0.9278193017963847 0.03772351283253113 -0.3692617006360999
142.0 -0.40914708375930786 -0.45821669697761536 8.382268905639648 0.03934395968121661 0.9128834074023553 0.03883070701842737 -0.4044602743391705
143.0 -0.45666030049324036 -0.4483502507209778 8.303521156311035 0.0323203003713968 0.8990622078157098 0.039695525847267175 -0.43481813426897575
144.0 -0.6199303269386292 -0.44236159324645996 8.385595321655273 0.06514698467485923 0.8859175086539282 0.02344254836524697 -0.4586463617803306
145.0 -0.6884269118309021 -0.45052674412727356 8.340004920959473 0.06290701970035138 0.8639334532935262 0.025287450588247832 -0.4990212821067745
146.0 -0.7437331676483154 -0.4457169771194458 8.320558547973633 -0.0601292398398566 -0.8491613868536924 -0.02778095810193927 0.5239633879957007
147.0 -0.8008925318717957 -0.4259437322616577 8.282041549682617 -0.060078269593913394 -0.8280113249992275 -0.025784597635755625 0.5568868841339206
148.0 -0.8554526567459106 -0.43466469645500183 8.243865013122559 -0.05635914092617352 -0.8025950324027962 -0.030811124314223583 0.5930560983708975
149.0 -0.9259805679321289 -0.4296875298023224 8.210731506347656 -0.05417305936984986 -0.7783549031089371 -0.03336060957895785 0.6245926625996407
150.0 -1.0068457126617432 -0.427491694688797 8.182323455810547 -0.052142143813274554 -0.7546495252690463 -0.03665170160944527 0.6530252243358527
151.0 -1.0613372325897217 -0.41401034593582153 8.166059494018555 -0.049523722157940146 -0.7290316101307763 -0.03709970040417473 0.6816772877276105
152.0 -1.1258845329284668 -0.4056718051433563 8.154156684875488 -0.048223353178754584 -0.7090453798278187 -0.03787250252884967 0.7024918726257434
153.0 -1.193790078163147 -0.40839657187461853 8.160882949829102 -0.05237338688360939 -0.6860886061566039 -0.035656179519995716 0.724753813174147
154.0 -1.220047950744629 -0.39910224080085754 8.159403800964355 -0.050521956292978204 -0.6916814286693117 -0.03650809070660497 0.7195078126603411
155.0 -1.2967485189437866 -0.38815364241600037 8.160120010375977 -0.050938929406757386 -0.6978824742297614 -0.03647715029157425 0.7134666741624627
156.0 -1.3709702491760254 -0.3748658299446106 8.168025016784668 -0.05248770210736532 -0.7032076170564411 -0.03466251183527321 0.708196723174119
157.0 -1.4507582187652588 -0.36411821842193604 8.169849395751953 -0.05320388858831981 -0.7102708091657619 -0.03349795053858698 0.701115262418249
158.0 -1.537438154220581 -0.3500896096229553 8.171466827392578 -0.05395661396303801 -0.7173196023669284 -0.03261997000375742 0.6938855881388152
159.0 -1.6625500917434692 -0.3304849863052368 8.179678916931152 -0.053149012594150245 -0.7242034668358671 -0.032698006627359055 0.6867571342518223
160.0 -1.6607816219329834 -0.3280295133590698 8.185477256774902 -0.052819694999424766 -0.7252686591999782 -0.031729229983976565 0.6857030755123226
161.0 -1.7169796228408813 -0.32227012515068054 8.190848350524902 -0.05350536625490128 -0.7254221989186996 -0.03190780016316417 0.6854791764792239
162.0 -1.7545373439788818 -0.311959445476532 8.188580513000488 -0.05157636744691402 -0.7074618877613693 -0.032475362673739225 0.7041185315735622
163.0 -1.8095805644989014 -0.3023124933242798 8.192859649658203 -0.04762402976223068 -0.6811964709335563 -0.03322792498537242 0.729793960497099
164.0 -1.9035660028457642 -0.28455850481987 8.21252155303955 -0.04895098463903135 -0.6963275017879935 -0.03169419414233932 0.7153511651030064
165.0 -2.0096352100372314 -0.2725062668323517 8.150895118713379 -0.050358768448989386 -0.7161823562706678 -0.030848647237477784 0.6954100861869296
166.0 -2.0746893882751465 -0.2345939576625824 8.126502990722656 -0.04833389369679341 -0.7279697017093489 -0.02861791680932655 0.6833044438248612
167.0 -2.154481887817383 -0.24201717972755432 8.138153076171875 -0.04915964084791407 -0.7085316141869726 -0.032797121699435966 0.7032002774583779
168.0 -2.240386724472046 -0.23741470277309418 8.133769035339355 -0.04690659942365998 -0.6722669369005856 -0.03520844598360202 0.7379819115752312
169.0 -2.3174777030944824 -0.22383388876914978 8.131600379943848 -0.0442203422470315 -0.6498667952186117 -0.03447459284749218 0.7579770525892231
170.0 -2.43703556060791 -0.21595245599746704 8.115533828735352 -0.04513196174930861 -0.6463191753756273 -0.035267605487226725 0.7609144666607577
171.0 -2.5168893337249756 -0.20205320417881012 8.139860153198242 -0.04697837354905071 -0.6762350349944898 -0.03363346305927939 0.7344167754261386
172.0 -2.640861988067627 -0.18793389201164246 8.179207801818848 -0.046379049445817826 -0.6694812476926453 -0.03300394034458249 0.7406447074556953
173.0 -2.730733871459961 -0.17467595636844635 8.178428649902344 -0.04347029650687693 -0.6306752982024357 -0.036159866045076434 0.7739841507721429
174.0 -2.8189523220062256 -0.1573629528284073 8.159537315368652 -0.039934027945614924 -0.6102348488397553 -0.037360093091726554 0.7903308965982143
175.0 -2.8616750240325928 -0.15398027002811432 8.184083938598633 -0.03810665564632673 -0.6007678446120306 -0.03796687589992674 0.797611682468397
176.0 -2.9199116230010986 -0.14063426852226257 8.217196464538574 -0.03767732346245662 -0.6034547388426704 -0.037407747556701954 0.7956277131220129
177.0 -2.966073513031006 -0.13846513628959656 8.228531837463379 -0.039927841275163994 -0.6127304042831386 -0.03576824890359639 0.7884718457424447
178.0 -3.061082124710083 -0.12412703037261963 8.25588607788086 -0.04096520127427101 -0.6344024320247591 -0.03367377610770691 0.7711818743514901
179.0 -3.1531190872192383 -0.10936261713504791 8.282063484191895 -0.042079298207750124 -0.6540102768273082 -0.032115477311420206 0.7546313580707276
180.0 -3.4403040409088135 -0.04402134567499161 8.367585182189941 -0.08211826820570813 -0.6839619167799706 -0.04078350777155873 0.7237329562175616
181.0 -3.3900303840637207 -0.156239852309227 8.362411499023438 -0.052735448935040806 -0.6681078776307899 -0.039970700260261394 0.7411161713213424
182.0 -3.490793228149414 -0.12639349699020386 8.369948387145996 -0.050451260852480216 -0.6681659770781877 -0.03731099933362845 0.741361441324184
183.0 -3.5806949138641357 -0.1382649838924408 8.386432647705078 -0.054743532262397906 -0.6796622636785032 -0.040102094409238696 0.7303794733088007
184.0 -3.674825429916382 -0.11419759690761566 8.397037506103516 -0.054996629343841336 -0.6928856666362447 -0.038577018829374844 0.7179113018675085
185.0 -3.7416164875030518 -0.0996837168931961 8.410011291503906 -0.05703549048871048 -0.7047558876565009 -0.03781160115939397 0.7061418939957979
186.0 -3.8726813793182373 -0.09113390743732452 8.4091215133667 -0.062157047380691784 -0.7247457094888899 -0.037105469664197414 0.685203139338517
187.0 -3.979367733001709 -0.06508289277553558 8.40720272064209 -0.061802725059748514 -0.7486157244895836 -0.034952999530047546 0.6591913288613388
188.0 -4.100673675537109 -0.04293138533830643 8.393965721130371 -0.06592351809191384 -0.7766355409705858 -0.03139609299903087 0.6257040926892734
189.0 -4.106598854064941 -0.038897935301065445 8.38593864440918 -0.06413657227864195 -0.7595431889259713 -0.0335621571164951 0.6464164492509459
190.0 -4.1310296058654785 -0.03140733391046524 8.356372833251953 -0.05942643702412894 -0.7166957452148651 -0.03605653029452302 0.6939132755587303
191.0 -4.139955043792725 -0.035591576248407364 8.319344520568848 -0.05361742220616372 -0.6666044395130327 -0.040407435955628394 0.7423819316072915
192.0 -4.198495864868164 -0.023715876042842865 8.29856014251709 -0.047872860587815654 -0.6060883361388093 -0.04470620221041788 0.7926957004422003
193.0 -4.200500965118408 -0.026350349187850952 8.297748565673828 -0.04741966452091841 -0.6046601616527079 -0.04449508227655857 0.7938246985197972
194.0 -4.246591567993164 -0.023440130054950714 8.28347396850586 -0.04657881311385708 -0.5511022928230624 -0.050953514028752506 0.8315770658346644
195.0 -4.287476539611816 -0.016978846862912178 8.30743408203125 -0.047771059691023736 -0.5766263898291504 -0.04917953890155183 0.8141260991775341
196.0 -4.3053741455078125 -0.010522808879613876 8.325467109680176 -0.049159561147845005 -0.5943957589034087 -0.047151981822146444 0.8012825406531932
197.0 -4.371227741241455 -0.0012209229171276093 8.369790077209473 -0.05207040287821966 -0.6365850497544242 -0.0431464414689474 0.768235987286344
198.0 -4.420045375823975 0.006320536136627197 8.390970230102539 -0.05573781009690627 -0.6677535881040905 -0.040439247232225875 0.7411903327641322
199.0 -4.482464790344238 -0.018334543332457542 8.425042152404785 -0.07212024188326376 -0.7134093647092207 -0.042779761922788644 0.6957123263430908
200.0 -4.550889015197754 0.011300716549158096 8.430302619934082 -0.07209350111621701 -0.752905640044273 -0.0352143312064673 0.6532193928260327
201.0 -4.614046096801758 0.014755401760339737 8.439839363098145 -0.07512195176172502 -0.7925890197765767 -0.031200598470169927 0.6043060985528922
202.0 -4.694235801696777 0.037990741431713104 8.43463134765625 -0.07712595433207049 -0.8523676153953472 -0.0249161868833024 0.5166238661006798
203.0 -4.750233173370361 0.04624398797750473 8.424217224121094 0.0743528752098638 0.8928330551604976 0.020960241399150894 -0.4437132563281015
204.0 -4.815746784210205 0.05617822706699371 8.413888931274414 0.07954536198204502 0.9229581283171725 0.017854225348186793 -0.3761675895098132
205.0 -4.8439812660217285 0.05105815827846527 8.387147903442383 0.08078664232661278 0.9422372059510883 0.016567420832399045 -0.3246353134057363
206.0 -4.897514820098877 0.06410771608352661 8.367863655090332 0.0821919969558018 0.9599329758965125 0.012481454298475959 -0.2676142199537947
207.0 -4.923476696014404 0.08255210518836975 8.342491149902344 0.07856485589708549 0.9732882212152627 0.008758783079234837 -0.21554787305949275
208.0 -4.949239730834961 0.07121928036212921 8.31680679321289 0.08124382422384474 0.9752732882113749 0.009843016542049207 -0.2052914254230083
209.0 -4.984568119049072 0.090654656291008 8.27161979675293 0.08279020046642391 0.9828449879101788 0.007754632942436898 -0.16462496200302634
210.0 -4.974212169647217 0.09147171676158905 8.280078887939453 0.08309686117723851 0.9834938527453176 0.008467422484647427 -0.16050874129195772
211.0 -5.014518737792969 0.07717959582805634 8.23734188079834 0.08423421348609184 0.9914726733613715 0.00439043430525986 -0.0993340794624192
212.0 -5.033022880554199 0.08131738007068634 8.203627586364746 0.08342465513899874 0.9956367566810834 0.0009130472999975555 -0.04179643531618522
213.0 -5.057585716247559 0.09471821784973145 8.119521141052246 0.09073404090053128 0.9956803930715175 -0.00413176692585012 0.01925661384770779
214.0 -5.062384605407715 0.0959133505821228 8.074115753173828 0.08518046737629612 0.9939453335930392 -0.005881582359393667 0.06915467298113269
215.0 -5.108152389526367 0.10774262249469757 8.047209739685059 0.08280164074228431 0.984338249128158 -0.011506730243388946 0.15520855244735568
216.0 -5.382169723510742 0.2848058342933655 7.8911519050598145 0.11650660649400868 0.9577538947647388 -0.043425942995568866 0.25932195275596986
217.0 -5.2263007164001465 0.09600876271724701 7.9126434326171875 0.08347383404955386 0.9458188738723702 -0.013227704546909486 0.31350247955684235
218.0 -5.200194835662842 0.09913291037082672 7.882816791534424 0.08562041540606195 0.919669536601724 -0.014620789399037607 0.38296647428960773
219.0 -5.177553176879883 0.09503990411758423 7.8425984382629395 0.08022361820630848 0.8790499054790827 -0.021561813539939204 0.46943638861508497
220.0 -5.160250663757324 0.09449717402458191 7.815769195556641 0.07816375320544047 0.8521818090442709 -0.02512055036485867 0.5167645014590684
221.0 -5.144558906555176 0.08483932912349701 7.793173313140869 0.07629422679467808 0.8231797158143817 -0.026720041397507076 0.5619967845257404
222.0 -5.1096625328063965 0.07898096740245819 7.766881942749023 0.0746696420500066 0.7753977082884853 -0.028409541455409474 0.6263990233799717
223.0 -5.0665812492370605 0.07372079789638519 7.720139980316162 0.0725770866644275 0.7099777323865847 -0.031082198732429542 0.6997843117193077
224.0 -5.0369791984558105 0.05924689397215843 7.692562580108643 0.07340274956221116 0.6580950040481617 -0.025211198809187436 0.7489241600176623
225.0 -5.023475646972656 0.04832041636109352 7.672104835510254 0.06973729669931202 0.625602142833112 -0.022496142597141017 0.7766933705780806
226.0 -5.006830215454102 0.05714641138911247 7.675856590270996 0.07548105010242094 0.6450172567869787 -0.02074919581605911 0.760147893765038
227.0 -4.961645603179932 0.049145761877298355 7.685123443603516 0.07589785727682316 0.6357012936869721 -0.020107652434288265 0.7679316784578422
228.0 -4.922210693359375 0.042197491973638535 7.682357311248779 0.07540244449135224 0.6137205879791772 -0.021324043949784367 0.7856250991438913
229.0 -4.845260143280029 0.031754057854413986 7.690408706665039 0.0735165845847681 0.5777994957757857 -0.024169182356933768 0.8125016339038561
230.0 -4.726937294006348 0.03894251212477684 7.703640937805176 0.0733105109532443 0.5261493577538554 -0.02752007100393024 0.846779232156126
231.0 -4.639525890350342 0.036569368094205856 7.741622447967529 0.07228427008117456 0.4750231844907762 -0.031193012015416695 0.8764444959588028
232.0 -4.689537048339844 0.0036038383841514587 7.709420204162598 0.06524468495792443 0.4293423096135097 -0.030457161265679367 0.9002670012769071
233.0 -4.629212856292725 -0.016401492059230804 7.750677585601807 0.06334413614198517 0.37865360203879966 -0.029173432788467287 0.9229072981068059
234.0 -4.53908109664917 -0.006108876317739487 7.875550746917725 0.06581265319050386 0.3963194290153475 -0.03102902868097702 0.915225001977159
235.0 -4.512389659881592 -0.021417483687400818 7.863668441772461 0.06463616429379368 0.4113369112334176 -0.032272484696772165 0.9086157595231517
236.0 -4.445266246795654 -0.022018373012542725 7.926286697387695 0.0681828569181242 0.4314244692552003 -0.03142680876118585 0.8990196777832169
237.0 -4.403623580932617 -0.03607560321688652 7.9562201499938965 0.06763519278227015 0.4353503766708933 -0.02961736211582372 0.8972281438358455
238.0 -4.373841762542725 -0.03893536701798439 7.9926533699035645 0.06760270553533665 0.43255360158842227 -0.03065210344667615 0.8985475527268888
239.0 -4.332150459289551 -0.045196451246738434 8.02519702911377 0.06791265727746867 0.43063925027775085 -0.03001057217139319 0.8994648812820183
240.0 -4.303613662719727 -0.05310674384236336 8.056160926818848 0.06828408776025985 0.4364385111308519 -0.028853363619562217 0.8966750764733409
241.0 -4.281872749328613 -0.06797292828559875 8.091765403747559 0.06711333168423363 0.4663898773085029 -0.02910067665300694 0.8815494504976672
242.0 -4.227598667144775 -0.06658945232629776 8.138951301574707 0.06904595256025874 0.49700718193652194 -0.027314133234124408 0.8645637371901693
243.0 -4.188323497772217 -0.07978006452322006 8.176580429077148 0.07006473185817426 0.5171892956877976 -0.024465189802158196 0.852647418493451
244.0 -4.148231029510498 -0.08850066363811493 8.200692176818848 0.0695200390530991 0.5411525296690821 -0.0234923391042146 0.8377165474110091
245.0 -4.111922740936279 -0.09649502485990524 8.21133804321289 0.07075023258964216 0.5714463811195925 -0.020761495698981124 0.8173202544842347
246.0 -4.137545108795166 -0.0820973813533783 8.219846725463867 0.07670250179417522 0.6115573679183338 -0.018343551848515424 0.7872596941727011
247.0 -4.122774600982666 -0.09225446730852127 8.26956558227539 0.07516031650134285 0.6583835965687163 -0.01779851971496527 0.74870900841957
248.0 -4.063084125518799 -0.08331623673439026 8.31067943572998 0.07813659331634006 0.6900113241553076 -0.019317815856838394 0.7193092987810439
249.0 -3.9780850410461426 -0.16046074032783508 8.40776252746582 0.0747040508652296 0.7453498693285264 -0.012952405119839208 0.6623481805499924
250.0 -4.158204555511475 -0.09807313978672028 8.303995132446289 0.07865780068467687 0.7341344782552491 -0.0164072081831823 0.6742331360501178
251.0 -3.9015119075775146 -0.18493221700191498 8.527650833129883 0.07515872548734337 0.7630354199832291 -0.01040558676493886 0.641887714166748
252.0 -4.222484588623047 0.052036531269550323 8.342169761657715 0.09628276590663686 0.7055780417018737 -0.060616261539043974 0.6994390072726477
253.0 -3.8771374225616455 -0.09299381077289581 8.335368156433105 0.0809785556489423 0.7295827419452486 -0.018685973101677113 0.6788242265785065
254.0 -3.831928253173828 -0.10741730034351349 8.319210052490234 0.07847709623082416 0.7170838984673337 -0.02039463383372118 0.6922543512588829
255.0 -3.816577672958374 -0.08596683293581009 8.329329490661621 0.08058510534774625 0.7106454720468355 -0.021189597067425642 0.6985986364369335
256.0 -3.85255765914917 -0.09373994916677475 8.332094192504883 0.08577107494568234 0.704313718989644 -0.02100047038367576 0.7043752467181843
257.0 -3.703220844268799 -0.1459619551897049 8.33218765258789 0.07850765616632399 0.7110228036787253 -0.01995868799188205 0.6984874883244208
258.0 -3.5132956504821777 -0.12538409233093262 8.255961418151855 0.0825113949120673 0.7178196990948075 -0.021617062410309258 0.6909844078659472
259.0 -3.5606236457824707 -0.10570377111434937 8.271586418151855 0.08428650572877504 0.7297652239149309 -0.02304814596008845 0.6780909126984568
260.0 -3.544445037841797 -0.10397521406412125 8.27916431427002 0.08705192782902194 0.7404448502148686 -0.02429834746542945 0.6660127445942614
261.0 -3.3204562664031982 -0.17344601452350616 8.289519309997559 0.0829573495269508 0.7514296734505634 -0.018920747020384092 0.6543038509359652
262.0 -3.2392637729644775 -0.1750674694776535 8.200480461120605 0.08335459932335916 0.7329100750084135 -0.01917261605011679 0.6749275839055615
263.0 -3.136929750442505 -0.22964639961719513 8.329763412475586 0.07848008003244197 0.7291834355147055 -0.018265146619558033 0.6795577818169982
264.0 -3.175032377243042 -0.16119752824306488 8.3788480758667 0.0832563760665871 0.7200933193635995 -0.025910837084837497 0.6883767978176888
265.0 -2.979907751083374 -0.18981939554214478 8.399103164672852 0.07963900772620548 0.7121587082988032 -0.02694719367882208 0.6969658896928899
266.0 -2.8516199588775635 -0.22196653485298157 8.197709083557129 0.08023491307718175 0.6885251455155638 -0.02246308867276637 0.7204102250548284
267.0 -2.784663677215576 -0.12596186995506287 8.225323677062988 0.08779927730742129 0.6763944878775585 -0.03345195148622508 0.7305222451198273
268.0 -2.6824681758880615 -0.29735302925109863 8.233484268188477 0.07332982170545015 0.6836822978183408 -0.01961720346882866 0.7258212026570616
269.0 -2.5513648986816406 -0.18067176640033722 8.246830940246582 0.08263473927015656 0.6917974841701204 -0.031329003148577436 0.7166632642485322
270.0 -2.588921070098877 -0.17660066485404968 8.254260063171387 0.08549183843101285 0.6957672864498632 -0.031366298661440084 0.7124711811548315
271.0 -2.5239362716674805 -0.2140548676252365 8.199918746948242 0.0833696698234994 0.6936295105888082 -0.0269760491580475 0.714982442417766
272.0 -2.4676759243011475 -0.21168267726898193 8.243927001953125 0.08410445411561596 0.6997731229816083 -0.0285250976225508 0.7088232050067951
273.0 -2.300351619720459 -0.26492634415626526 8.303277015686035 0.07851782419184748 0.7238990325829846 -0.024670052423422073 0.6849792189716583
274.0 -2.319941282272339 -0.13139000535011292 8.258065223693848 0.09381518688693856 0.7262769529268824 -0.03519212604542768 0.6800603007241449
275.0 -2.1796317100524902 -0.29334190487861633 8.366622924804688 0.07840190017497375 0.7476523086190321 -0.02261727970864806 0.6590581356179176
276.0 -2.0677599906921387 -0.35215529799461365 8.245749473571777 0.07556641720289142 0.7795249588791058 -0.012808193199609772 0.6216643027089529
277.0 -1.9203591346740723 -0.39972811937332153 8.321455001831055 0.06873652582354167 0.8059606634963895 -0.0096521848683164 0.5878856472490521
278.0 -1.8818492889404297 -0.3208199441432953 8.299373626708984 0.08192542115077589 0.8205405222685176 -0.014363190853275316 0.5655043549196492
279.0 -1.821707844734192 -0.44587501883506775 8.240252494812012 0.07026526816092661 0.8244507417037522 -0.0033156139944931166 0.5615449877776895
280.0 -1.7270238399505615 -0.4744163155555725 8.287752151489258 0.06659231479378204 0.8344385732383179 -0.0019536868308585066 0.5470593333544118
281.0 -1.6921343803405762 -0.5223060846328735 8.225960731506348 0.062321272336029306 0.8449412798567951 0.003564273491848563 0.531203904882913
282.0 -1.5776951313018799 -0.5482726693153381 8.181588172912598 0.05900374903183196 0.8660653413003885 0.007528461676363744 0.4963795971463953
283.0 -1.4879711866378784 -0.5159921646118164 8.232152938842773 0.06269862361633076 0.8870036489679946 0.0033551015148863468 0.45747366329429845
284.0 -1.3765860795974731 -0.44397658109664917 8.185663223266602 0.07114401812340779 0.9056077307701865 -0.001290064474052243 0.41810465482721226
285.0 -1.312352180480957 -0.45353665947914124 8.105291366577148 0.06818370743141632 0.9210792928551471 0.0005241557185356281 0.3833583748598067
286.0 -1.3127787113189697 -0.5075310468673706 8.087493896484375 0.06557981246883238 0.936198521229451 0.007907256905932539 0.3452087663031829
287.0 -1.256500244140625 -0.5093877911567688 8.060478210449219 0.06933546547578132 0.9496997468263811 0.009773225873836642 0.3052334650086441
288.0 -1.548628330230713 -0.4932105541229248 7.7849860191345215 0.0744035601467037 0.9491779582024151 0.010215754675097255 0.3056484128154579
289.0 -1.403520107269287 -0.5001117587089539 7.73944091796875 0.06662229375547779 0.9724770102336922 0.01725480711581864 0.2226032483435367
290.0 -1.421840786933899 -0.4869503378868103 7.629662036895752 0.06706006758905743 0.9783506052782716 0.019166799914839504 0.19484782335867978
291.0 -1.3710618019104004 -0.4824194312095642 7.595550537109375 0.0653291429155121 0.9854593567041784 0.01894674663678242 0.15570157405110893
292.0 -1.4084289073944092 -0.5003401041030884 7.669764995574951 0.06610512661121824 0.9897411877577204 0.022200758021542914 0.12469811480099015
293.0 -1.4140596389770508 -0.5562751889228821 7.715699195861816 0.06417270985729098 0.9938289873574626 0.02740548791443825 0.08622497567285274
294.0 -1.3430142402648926 -0.43186303973197937 7.4104228019714355 0.05910536647240727 0.9976023734573636 0.021099842678239823 0.029169449178044735
295.0 -1.3443002700805664 -0.4348798990249634 7.34499979019165 0.05917244312582201 0.9979982515180711 0.022295607526828434 -0.001008873829692014
296.0 -1.3486528396606445 -0.39167481660842896 7.208552837371826 0.058460388753702776 0.9980590201925884 0.021066139180992986 0.004097918860044821
297.0 -1.3210535049438477 -0.4210091233253479 7.217811584472656 0.05881813334048445 0.9979830004975838 0.022955243373616596 0.0065889839761985695
298.0 -1.3239320516586304 -0.42884671688079834 7.1424760818481445 0.060520948091300555 0.9977836839157401 0.02279105120840892 0.0156685333863775
299.0 -1.328904390335083 -0.3692791163921356 7.055296897888184 0.057452067289922595 0.9978694226351452 0.020349359417278706 -0.023276144552364646
300.0 -1.2978520393371582 -0.41279852390289307 7.0596842765808105 0.05751502206811491 0.9969252131766531 0.023778124305791112 -0.04761031793306295
301.0 -1.3056310415267944 -0.380241334438324 6.989920139312744 0.055760826773620036 0.9955016017114181 0.022447948698518978 -0.07323510624524439
302.0 -1.3103018999099731 -0.3730221688747406 6.93680477142334 0.05489188670133849 0.9938070029081776 0.022717843186158045 -0.09390644997018055
303.0 -1.30819571018219 -0.38772276043891907 6.89943790435791 0.05567302256324155 0.9951974525304969 0.023472460667137814 -0.07701680742352093
304.0 -1.329537272453308 -0.36762315034866333 6.838451862335205 0.0562767507317569 0.9963822537517195 0.02212190649774927 -0.059715600881382794
305.0 -1.3467077016830444 -0.3570953607559204 6.765748977661133 0.05663980665404236 0.9964398820835206 0.02160113879228579 -0.058590822646968695
306.0 -1.3393265008926392 -0.3441583514213562 6.724365711212158 0.05536131455632451 0.9936460146537036 0.02154335700394222 -0.09559605735807333
307.0 -1.3439501523971558 -0.3596701920032501 6.674047946929932 0.0562833861502742 0.9944696092337202 0.022919952694144884 -0.08565659649139257
308.0 -1.3484628200531006 -0.3592737019062042 6.628370761871338 0.05637088967899457 0.9951054683634243 0.02239717626430578 -0.07801151277468103
309.0 -1.3581888675689697 -0.3307308852672577 6.5766496658325195 0.055083970845907625 0.9931002313407004 0.020799350552986245 -0.10141535230658562
310.0 -1.343275785446167 -0.34224116802215576 6.547575950622559 0.05271572889674202 0.9861266897624192 0.02301693392276485 -0.15570942302215787
311.0 -1.3515852689743042 -0.3464861512184143 6.508711814880371 0.05235965100663509 0.9844829720906658 0.023509830476889714 -0.1658283223123855
312.0 -1.3585093021392822 -0.33542272448539734 6.463064193725586 0.052491444806161795 0.983121365656814 0.02283851579651028 -0.17376832509826176
313.0 -1.381621241569519 -0.3223072290420532 6.383113861083984 0.05221709547131897 0.981176372207833 0.023192713010655414 -0.18446788236660666
314.0 -1.3864984512329102 -0.32684850692749023 6.339282035827637 0.05213113060261267 0.9797220999866916 0.024071104535059788 -0.19195711486220782
315.0 -1.409912347793579 -0.32192546129226685 6.2849650382995605 0.05246796084306733 0.9785726392562745 0.02339737643874411 -0.19772522742372434
316.0 -1.4240554571151733 -0.31673187017440796 6.227109432220459 0.05127768984825233 0.9780954466092597 0.023327023225861786 -0.2003889863078286
317.0 -1.534329891204834 -0.283204585313797 6.03084659576416 0.0549466177237703 0.992903971456 0.019810630044010624 -0.10358625200710811
318.0 -1.5164055824279785 -0.33458253741264343 6.052884101867676 0.05920300413266745 0.9972982253891798 0.021374642245629228 -0.0378731911268572
319.0 -1.522581934928894 -0.3130859434604645 5.948942184448242 0.05945295785624887 0.9980275238763231 0.018419079212596123 0.008194199680177905
320.0 -1.5251572132110596 -0.3306533098220825 5.908146381378174 0.061401858258173736 0.997362729510761 0.021272812769487774 -0.03232437195308925
321.0 -1.514388918876648 -0.3263978660106659 5.875075817108154 0.05962971056045877 0.9945838258262742 0.02194495115779837 -0.08225405851342074
322.0 -1.5337250232696533 -0.2920559346675873 5.789432525634766 0.056959384529329984 0.991041482147128 0.020436287069098568 -0.11905783194940782
323.0 -1.5339688062667847 -0.28567585349082947 5.755611419677734 0.05474120506721399 0.9870087335619987 0.0206966636027063 -0.14962890247490662
324.0 -1.690667986869812 -0.290290504693985 5.420070171356201 0.05953582345827122 0.9847580871620921 0.024555442726356264 -0.16156740304441292
325.0 -1.5299872159957886 -0.33360549807548523 5.666738986968994 0.04625030087714413 0.9595366809302674 0.029954566072578456 -0.2761394422923017
326.0 -1.5254755020141602 -0.3331775665283203 5.623660087585449 0.04293645145414495 0.937556351099801 0.03249640808979333 -0.3436401215082638
327.0 -1.5338891744613647 -0.33801373839378357 5.572770118713379 0.0408301610009262 0.9200279033030303 0.03347705255978864 -0.3882793350776958
328.0 -1.5252705812454224 -0.3590640723705292 5.576169013977051 0.039662530026961317 0.9041188900901818 0.03655290630742611 -0.4238629511226933
329.0 -1.5797210931777954 -0.32401353120803833 5.4727911949157715 0.038437828198411406 0.8814783305243972 0.033927231542101435 -0.46943309335750866
330.0 -1.6213631629943848 -0.3162415027618408 5.447774887084961 0.03738911577470539 0.8695976436160908 0.03407066201268859 -0.4911630912730974
331.0 -1.6241085529327393 -0.32644131779670715 5.438086032867432 -0.032372182388447905 -0.8582362941194814 -0.036957458756300125 0.5108978875526344
332.0 -1.5258735418319702 -0.3458069860935211 5.424278736114502 -0.024240025233504332 -0.8218166373173846 -0.03878944278566306 0.5679130346570705
333.0 -1.3623391389846802 -0.40312179923057556 5.430301189422607 -0.01560363902856172 -0.7947065671723001 -0.04251280641317221 0.6053021227727199
334.0 -1.5511748790740967 -0.34788069128990173 5.403114318847656 -0.020823497952081594 -0.8044262233017037 -0.04001139087245123 0.5923376754842198
335.0 -1.5861177444458008 -0.33903270959854126 5.39602518081665 -0.021643741071161585 -0.8093927018447796 -0.03926843338313465 0.5855535780887059
336.0 -1.5820924043655396 -0.3454587161540985 5.389841079711914 -0.021363391150890986 -0.825573288989234 -0.04006711459978518 0.5624650890088029
337.0 -1.698196291923523 -0.3387206494808197 5.380162715911865 -0.02938777609439903 -0.8638937872580258 -0.03879637125336923 0.501316990067942
338.0 -1.8341461420059204 -0.3153553903102875 5.378368854522705 0.0391048008637877 0.9197948100218363 0.034875711478882784 -0.38888559597282485
339.0 -1.8025233745574951 -0.3275359272956848 5.3544769287109375 0.03542079531726771 0.8894074712055479 0.03850578747123272 -0.45411124380933904
340.0 -1.782543420791626 -0.3210546374320984 5.374535083770752 0.03424148740701092 0.8900206751855576 0.03706331169760202 -0.45311922184829684
341.0 -1.8021682500839233 -0.3279608190059662 5.382580280303955 0.03614868837708058 0.9019297993702545 0.037835935319845325 -0.4287007713254333
342.0 -1.8960782289505005 -0.29273733496665955 5.299768924713135 0.04415591309396277 0.9251707784542132 0.033675923329283576 -0.3754666672571396
343.0 -1.903213381767273 -0.31713515520095825 5.331469535827637 0.04439645557392861 0.9480980939473743 0.03563500556064794 -0.3128403832060698
344.0 -1.9890161752700806 -0.2854492664337158 5.2515740394592285 0.04868413828133824 0.9732197246453267 0.03098783144836705 -0.22251511531400686
345.0 -2.045952558517456 -0.26215073466300964 5.173542022705078 0.054970331739019294 0.9894786740736575 0.026510684665533347 -0.13117697885110577
346.0 -1.9980107545852661 -0.3516209125518799 5.150181770324707 0.06666333955236352 0.9969334663023698 0.034441918858626026 -0.022212995102050305
347.0 -2.074584484100342 -0.28060343861579895 5.131957054138184 0.05827297003456245 0.9963138771783286 0.02920241136862888 -0.05576861371322129
348.0 -2.061403512954712 -0.28319236636161804 5.148677825927734 0.05786585021544394 0.9953157895151225 0.028964952417603048 -0.071826555341171
349.0 -2.035766363143921 -0.3442760705947876 5.142268657684326 0.0628369455253307 0.9956866327804048 0.03505810104561456 -0.058571128813962814
350.0 -2.052614688873291 -0.2891474664211273 5.032433986663818 0.06081729583565495 0.9971409473226237 0.0294171478654459 -0.033849949944444915
351.0 -2.0309903621673584 -0.4131576716899872 5.079622745513916 0.0678430684631207 0.9968753346874748 0.040457307891262874 0.00030231016319332276
352.0 -1.99199640750885 -0.45330438017845154 5.103022575378418 0.07060355849951531 0.9961946300436593 0.04216984908347514 0.028863479132973692
353.0 -1.9631603956222534 -0.43152597546577454 5.11151123046875 0.07120171327995395 0.9954754995807477 0.03956375293838111 0.04892397381541195
354.0 -2.022719144821167 -0.3546369969844818 4.935946464538574 0.07277979873730428 0.9949309940412197 0.034088917927154114 0.06044306135913271
355.0 -2.065873146057129 -0.4024377465248108 4.930800914764404 0.07679885513857805 0.9925500299588527 0.038819399293174316 0.0862521194904885
356.0 -1.9896951913833618 -0.4099762439727783 4.866513252258301 0.07495378327070568 0.9897876143052334 0.03720826050297747 0.11540344142054432
357.0 -2.05759334564209 -0.393077552318573 4.699683666229248 0.0778486918293191 0.9903245754749036 0.0369969766302152 0.10875679340224692
358.0 -1.9987863302230835 -0.36934953927993774 4.644669532775879 0.07573370358634927 0.9932940582526001 0.03649231434243919 0.0793702146595796
359.0 -1.9304429292678833 -0.3851233124732971 4.703576564788818 0.07267427279081846 0.9964377906320275 0.04028026993605497 0.014411083532065142
360.0 -1.9547172784805298 -0.29200223088264465 4.4160990715026855 0.06616965934449016 0.9943471427300915 0.035127610986240065 -0.07524218812034017
361.0 -1.957737922668457 -0.32451340556144714 4.392385482788086 0.06757587665815104 0.9957667275809869 0.03934080250679502 -0.04831590208881747
362.0 -1.959559440612793 -0.2869241237640381 4.272183418273926 0.06754904444967033 0.9971815647395672 0.03254043243490365 -0.0026783940028195256
363.0 -1.9563781023025513 -0.2656325101852417 4.175800323486328 0.071277324017521 0.9959228455421192 0.028952329265811056 0.04710617197643547
364.0 -1.9707881212234497 -0.24535587430000305 4.1157379150390625 0.07478965072669252 0.9929672979763323 0.026218235166195734 0.08794917531467389
365.0 -1.9535870552062988 -0.24372582137584686 4.066710948944092 0.07492935460116845 0.9931157901159888 0.026033900264013077 0.0861908073891357
366.0 -1.9429888725280762 -0.23186050355434418 3.99277663230896 0.0741191961609757 0.9936752283084218 0.02508029367743189 0.08054107198013966
367.0 -1.9371788501739502 -0.2256592959165573 3.9338622093200684 0.07492101854596951 0.9943504743971499 0.025350549891025136 0.07079071031159587
368.0 -1.916811227798462 -0.22298039495944977 3.8694310188293457 0.07496822771171881 0.9952919451873345 0.025596869191569012 0.055843611689836044
369.0 -1.9021137952804565 -0.2177346795797348 3.797058582305908 0.07377584938316353 0.9958774133471117 0.02525288891397095 0.046342132388978184
370.0 -1.903765320777893 -0.21425223350524902 3.744804859161377 0.07521100034048793 0.9933464400298234 0.024060954262381275 0.08382855114961098
371.0 -1.8823869228363037 -0.20286710560321808 3.653421401977539 0.07502701076589312 0.9894594363099305 0.02224339002487397 0.12184499642156259
372.0 -1.8538066148757935 -0.1896122545003891 3.5701632499694824 0.07665394385548771 0.9843225082393151 0.018906399909903164 0.15772102176726366
373.0 -1.8480826616287231 -0.18794159591197968 3.524693727493286 0.07721770223968195 0.9806548816050205 0.018040935481427902 0.17896355576491568
374.0 -1.8343085050582886 -0.18302446603775024 3.4491777420043945 0.07839784786199284 0.9735344316356367 0.016133744894810734 0.214065854694659
375.0 -1.8054150342941284 -0.18032440543174744 3.3654446601867676 0.07987091158691097 0.9597896663943036 0.012570946054713528 0.2688241155110101
376.0 -1.7617923021316528 -0.17509311437606812 3.280665636062622 0.08017247436731859 0.9416886017736095 0.009263661436385672 0.3266636438605899
377.0 -1.6211742162704468 -0.10072409361600876 3.035587787628174 0.07912606705825438 0.9153089609063041 -0.0031210716050380175 0.3948909096301794
378.0 -1.5901023149490356 -0.06997398287057877 3.0218842029571533 0.07811410160173753 0.8971711001855736 -0.008984854817061304 0.4346279748321283
379.0 -1.558529257774353 -0.21436719596385956 3.0453782081604004 0.07640501963888004 0.86332126037499 0.002626613087223193 0.4988304073151626
380.0 -1.5592923164367676 -0.18611761927604675 3.0364155769348145 0.08071077441236559 0.8250638365493855 -0.003967063892163899 0.5592313465071863
381.0 -1.4996598958969116 -0.1677955985069275 3.03743839263916 0.08340630512518167 0.7867104321074664 -0.009308380604805152 0.6115909076573692
382.0 -1.4053493738174438 -0.05959286540746689 3.017993688583374 0.0849797128395863 0.7569666072544864 -0.02478225069027546 0.6474301846207499
383.0 -1.4460753202438354 0.013398567214608192 2.966351270675659 0.08908093915546715 0.7287987014396274 -0.035651856758440265 0.6779719641465777
384.0 -1.3805196285247803 -0.13975968956947327 3.0046091079711914 0.08080949129762002 0.7371438544209946 -0.018166995390843536 0.6706405328371143
385.0 -1.3535367250442505 -0.14894434809684753 3.0257041454315186 0.08072917596441835 0.7516559812324264 -0.017859459208032082 0.6543524476476121
386.0 -1.2488125562667847 -0.24125036597251892 2.9715936183929443 0.07200533080485365 0.7706577073971618 -0.006268879544512896 0.6331371348406999
387.0 -1.1993839740753174 -0.24869969487190247 2.9365243911743164 0.07204146968666827 0.7794791983652184 -0.005305036596755224 0.6222491965025015
388.0 -1.1200312376022339 -0.22465594112873077 2.9614644050598145 0.07509917909860576 0.7788625582353379 -0.009312200560500689 0.6226126497257678
389.0 -1.0107444524765015 -0.1720094382762909 2.9760260581970215 0.08055018056626402 0.7652123982505422 -0.018147354083551243 0.6384609052355219
390.0 -0.9625916481018066 -0.127968892455101 2.9834818840026855 0.08678327750626379 0.7464187531348007 -0.026320252684789137 0.6592684976643198
391.0 -0.9087737798690796 -0.17807097733020782 2.900275468826294 0.08036665167595179 0.7179411344947936 -0.023577278751227636 0.6910469163706701
392.0 -0.8099448084831238 -0.2528923451900482 2.872742176055908 0.07369833385337846 0.7307688324292606 -0.012072763366503834 0.6785276099923333
393.0 -0.7704401612281799 -0.2017885148525238 2.8621509075164795 0.08176190156857181 0.7517378455673824 -0.017820272347688765 0.6541312107574867
394.0 -0.6613015532493591 -0.24369274079799652 2.924520492553711 0.07967976324590523 0.7874707211132966 -0.010543525695979704 0.6110890547082962
395.0 -0.5922548174858093 -0.22879156470298767 2.908695936203003 0.08371368150176528 0.8067509399967605 -0.011597326094097011 0.5848165886594116
396.0 -0.5435783863067627 -0.16951531171798706 2.8885385990142822 0.09274245813246737 0.8075851276842082 -0.020332666943910404 0.5820581419907953
397.0 -0.47083017230033875 -0.20224842429161072 2.8535029888153076 0.08956144150610452 0.7967455338262149 -0.017497043558544912 0.5973852659632966
398.0 -0.4108261168003082 -0.2131941318511963 2.847571611404419 0.08945829537432103 0.8031880160206 -0.01630321523466865 0.5887447914696359
399.0 -0.3279808461666107 -0.22770027816295624 2.802902936935425 0.08950385086180469 0.8120711771941242 -0.014696939747525558 0.5764663596546765
400.0 -0.28445661067962646 -0.22759513556957245 2.796536922454834 0.08934917734362359 0.8180674961809685 -0.015214439408991103 0.5679355747210145
401.0 -0.20163382589817047 -0.2186029851436615 2.8088371753692627 0.09477428130583457 0.8340525553669027 -0.01765361145685307 0.5431965762883937
402.0 -0.12807495892047882 -0.26027634739875793 2.780485153198242 0.08552046730920648 0.8441258215279727 -0.01452883629092762 0.5290810524078249
403.0 -0.05996158346533775 -0.24464234709739685 2.7418198585510254 0.09129127769128052 0.8390046740744672 -0.018112406441103214 0.5361054003007268
404.0 0.01892738789319992 -0.2682569921016693 2.7022104263305664 0.0873661505380962 0.8275443084249274 -0.016871472014076568 0.5543040021195422
405.0 0.09466386586427689 -0.2747161090373993 2.667898416519165 0.08691605901602872 0.8202878560370225 -0.018495419368381626 0.5650056206673479
406.0 0.14194974303245544 -0.27884167432785034 2.670316696166992 0.08759631951426596 0.8361160663437773 -0.017650388306243416 0.5412257128056662
407.0 0.1760709136724472 -0.30433785915374756 2.6696481704711914 0.08133437603183802 0.8700598350445934 -0.01297626657751665 0.48601668615737437
408.0 0.23101574182510376 -0.32266706228256226 2.673011064529419 0.07500282580177826 0.8973562700815033 -0.010839019231847744 0.4347514420093987
409.0 0.2819320559501648 -0.3233412802219391 2.7077977657318115 0.07758765817886583 0.9342803479482392 -0.007198685544139045 0.3479203438467964
410.0 0.31016066670417786 -0.3350379168987274 2.725964069366455 0.08312084581100852 0.9619698005832658 -0.00010354169789496671 0.26020187746550055
411.0 0.33425968885421753 -0.3466871976852417 2.6889190673828125 0.08567870884043385 0.9803388309614111 0.007212129639391171 0.17760326727488615
412.0 0.35108840465545654 -0.30792537331581116 2.690112590789795 0.0830672629171218 0.9899114269006806 -0.001612757949325186 0.11477192921055712
413.0 0.4330887794494629 -0.32973963022232056 2.664330244064331 0.08436540773535171 0.9959141951199257 0.008138514785079761 0.031163416266058647
